Configuration: SHA-512 8 4 1000
Iteration 1: 0.001182625 0.003794208 0.000458958 0.000671042 0.000700583 0.001174417
Iteration 2: 0.000043625 0.000253375 0.000411000 0.000167625 0.000220041 0.000453875
Iteration 3: 0.000040917 0.001922250 0.000223584 0.000183750 0.000282834 0.000323500
Iteration 4: 0.000015791 0.000171250 0.000246667 0.000184375 0.000255375 0.000320708
Iteration 5: 0.000012625 0.000205042 0.000308500 0.000223166 0.000161875 0.000329250
Iteration 6: 0.000011875 0.000371000 0.000525834 0.000279334 0.000168709 0.000320333
Iteration 7: 0.000015375 0.000257959 0.000170000 0.000170792 0.000222625 0.000326667
Iteration 8: 0.000012292 0.000169166 0.000265250 0.000194500 0.000205542 0.000332166
Iteration 9: 0.000012042 0.000224541 0.000290792 0.000162916 0.000252917 0.000256666
Iteration 10: 0.000016542 0.000164583 0.000154000 0.000203291 0.000125000 0.000344583
Iteration 11: 0.000018042 0.000182250 0.000171834 0.000225125 0.000236208 0.000156875
Iteration 12: 0.000012583 0.000163917 0.000155750 0.000156500 0.000121250 0.000363250
Iteration 13: 0.000012917 0.000175875 0.000195792 0.000209250 0.000195334 0.000289458
Iteration 14: 0.000015208 0.000184541 0.000142917 0.000148583 0.000143708 0.000374791
Iteration 15: 0.000014167 0.000175667 0.000195917 0.000187458 0.000195500 0.000194542
Iteration 16: 0.000012500 0.000191459 0.000183041 0.000188042 0.000213958 0.000239041
Iteration 17: 0.000025500 0.000135208 0.000172417 0.000147500 0.000173083 0.000334875
Iteration 18: 0.000014417 0.000187209 0.000218916 0.000212375 0.000155708 0.000230041
Iteration 19: 0.000014042 0.000145958 0.000165458 0.000146500 0.000196750 0.000351167
Iteration 20: 0.000013125 0.000122125 0.000133708 0.000205375 0.000222500 0.000255042
Iteration 21: 0.000012167 0.000185333 0.000209708 0.000221750 0.000159500 0.000192292
Iteration 22: 0.000011791 0.000194959 0.000236167 0.000157917 0.000205584 0.000178666
Iteration 23: 0.000012292 0.000168459 0.000214459 0.000122416 0.000214208 0.000235042
Iteration 24: 0.000012209 0.000150167 0.000152625 0.000161416 0.000230541 0.000362584
Iteration 25: 0.000011625 0.000192292 0.000241583 0.000231458 0.000209666 0.000176709
Iteration 26: 0.000020542 0.000205084 0.000151792 0.000184542 0.000206375 0.000337125
Iteration 27: 0.000014209 0.000200084 0.000202458 0.000205625 0.000252375 0.000209750
Iteration 28: 0.000012833 0.000171791 0.000178583 0.000147417 0.000216417 0.000292083
Iteration 29: 0.000012792 0.000127292 0.000170083 0.000169583 0.000184667 0.000266292
Iteration 30: 0.000011667 0.000142333 0.000156084 0.000193958 0.000180792 0.000236875
Iteration 31: 0.000011875 0.000194083 0.000195334 0.000119541 0.000183209 0.000233584
Iteration 32: 0.000012084 0.000200166 0.000180125 0.000213958 0.000223125 0.000181250
Iteration 33: 0.000012500 0.000199583 0.000206000 0.000384083 0.000477541 0.000269208
Iteration 34: 0.000017125 0.000186042 0.000194542 0.000217417 0.000189833 0.000173125
Iteration 35: 0.000013125 0.000155416 0.000218250 0.000183375 0.000143833 0.000219959
Iteration 36: 0.000011959 0.000142958 0.000206917 0.000124625 0.000161042 0.000318625
Iteration 37: 0.000012208 0.000139458 0.000151750 0.000216458 0.000162709 0.000242375
Iteration 38: 0.000011458 0.000115375 0.000149917 0.000188750 0.000165333 0.000290083
Iteration 39: 0.000011791 0.000141000 0.000148875 0.000207000 0.000165792 0.000255958
Iteration 40: 0.000011958 0.000192666 0.000209709 0.000130875 0.000133500 0.000308166
Iteration 41: 0.000011541 0.000233875 0.000456958 0.000144833 0.000222000 0.000396959
Iteration 42: 0.000050708 0.000534834 0.000145042 0.000178834 0.000143125 0.000295166
Iteration 43: 0.000014042 0.000158042 0.000218167 0.000135000 0.000157750 0.000260958
Iteration 44: 0.000011709 0.000170083 0.000213958 0.000174959 0.000167208 0.000199458
Iteration 45: 0.000011250 0.000157542 0.000198500 0.000214750 0.000130542 0.000235083
Iteration 46: 0.000011292 0.000117667 0.000199291 0.000179375 0.000205500 0.000211417
Iteration 47: 0.000011375 0.000180375 0.000118417 0.000184583 0.000171375 0.000250375
Iteration 48: 0.000011375 0.000194000 0.000163083 0.000191417 0.000170916 0.000205166
Iteration 49: 0.000010875 0.000131750 0.000120833 0.000292042 0.000386708 0.000346458
Iteration 50: 0.000023125 0.000145833 0.000208417 0.000153666 0.000191292 0.000338792
Iteration 51: 0.000011333 0.000152125 0.000171959 0.000125375 0.000202583 0.000253042
Iteration 52: 0.000011958 0.000145792 0.000129584 0.000156625 0.000209292 0.000285375
Iteration 53: 0.000011500 0.000215250 0.000114834 0.000190542 0.000140333 0.000247959
Iteration 54: 0.000012500 0.000130583 0.000116750 0.000169291 0.000146209 0.000337250
Iteration 55: 0.000011250 0.000155750 0.000156708 0.000160250 0.000139709 0.000360083
Iteration 56: 0.000011500 0.000173375 0.000151833 0.000140166 0.000129000 0.000355833
Iteration 57: 0.000010875 0.000193958 0.000183875 0.000134458 0.000156375 0.000248584
Iteration 58: 0.000011209 0.000138583 0.000129250 0.000130083 0.000143833 0.000366917
Iteration 59: 0.000010875 0.000155125 0.000166583 0.000208958 0.000208083 0.000206375
Iteration 60: 0.000011334 0.000212917 0.000127709 0.000180000 0.000118125 0.000269167
Iteration 61: 0.000011167 0.000144416 0.000127042 0.000186583 0.000184750 0.000327834
Iteration 62: 0.000011167 0.000175167 0.000170125 0.000218250 0.000179959 0.000161291
Iteration 63: 0.000011458 0.000205166 0.000182750 0.000136458 0.000188333 0.000212625
Iteration 64: 0.000011584 0.000191042 0.000167875 0.000115042 0.000177625 0.000517042
Iteration 65: 0.000029375 0.000349375 0.000392500 0.000511125 0.000216209 0.000240541
Iteration 66: 0.000013167 0.000159917 0.000149459 0.000222125 0.000193708 0.000215417
Iteration 67: 0.000011083 0.000160666 0.000181708 0.000203167 0.000148458 0.000219291
Iteration 68: 0.000011417 0.000118500 0.000210542 0.000216875 0.000207083 0.000146875
Iteration 69: 0.000011209 0.000179250 0.000136958 0.000135416 0.000225166 0.000274375
Iteration 70: 0.000011000 0.000153458 0.000157583 0.000136917 0.000116667 0.000349208
Iteration 71: 0.000014416 0.000209625 0.000135500 0.000154958 0.000166958 0.000229542
Iteration 72: 0.000011250 0.000167250 0.000186709 0.000179209 0.000180584 0.000181500
Iteration 73: 0.000010833 0.000194458 0.000201041 0.000118958 0.000118042 0.000280333
Iteration 74: 0.000012500 0.000162417 0.000190250 0.000150666 0.000127500 0.000297000
Iteration 75: 0.000011042 0.000130417 0.000133292 0.000164916 0.000206750 0.000279250
Iteration 76: 0.000018333 0.000184042 0.000173000 0.000203458 0.000139375 0.000248708
Iteration 77: 0.000011334 0.000117875 0.000148000 0.000181375 0.000140958 0.000318041
Iteration 78: 0.000010916 0.000189791 0.000150792 0.000188916 0.000189291 0.000185083
Iteration 79: 0.000014167 0.000195875 0.000196209 0.000173042 0.000149667 0.000197584
Iteration 80: 0.000011292 0.000194250 0.000131333 0.000165125 0.000139500 0.000275041
Iteration 81: 0.000010875 0.000153167 0.000205750 0.000151166 0.000206333 0.000194125
Iteration 82: 0.000011458 0.000199792 0.000174583 0.000187834 0.000166125 0.000182041
Iteration 83: 0.000010958 0.000186292 0.000132875 0.000190750 0.000172583 0.000214000
Iteration 84: 0.000014084 0.000149292 0.000126792 0.000209625 0.000147458 0.000261250
Iteration 85: 0.000011208 0.000124834 0.000180000 0.000190250 0.000144500 0.000260959
Iteration 86: 0.000010834 0.000188958 0.000220042 0.000224709 0.000355833 0.000153750
Iteration 87: 0.000013083 0.000155208 0.000320417 0.000337750 0.000251625 0.000661000
Iteration 88: 0.000034375 0.000303625 0.000396125 0.000310958 0.000134459 0.000274375
Iteration 89: 0.000013459 0.000208750 0.000153125 0.000218833 0.000200458 0.000132708
Iteration 90: 0.000013000 0.000169000 0.000160750 0.000162167 0.000142000 0.000284416
Iteration 91: 0.000011000 0.000201667 0.000149833 0.000152208 0.000182250 0.000244084
Iteration 92: 0.000011291 0.000125083 0.000144167 0.000169917 0.000196042 0.000288458
Iteration 93: 0.000011209 0.000131875 0.000220667 0.000159708 0.000207000 0.000320917
Iteration 94: 0.000012791 0.000151875 0.000163167 0.000126667 0.000173125 0.000328958
Iteration 95: 0.001026666 0.000148833 0.000220000 0.000169541 0.000208791 0.000178000
Iteration 96: 0.000012875 0.000201083 0.000119333 0.000122000 0.000190292 0.000292584
Iteration 97: 0.000015167 0.000198542 0.000132875 0.000166958 0.000172458 0.000235041
Iteration 98: 0.000010917 0.000210459 0.000194041 0.000183959 0.000132541 0.000214500
Iteration 99: 0.000006584 0.000157083 0.000146458 0.000235458 0.000193625 0.000220833
Iteration 100: 0.000016167 0.000197083 0.000132584 0.000148042 0.000218416 0.000251333
Iteration 101: 0.000007417 0.000146291 0.000347167 0.000226000 0.000160167 0.000355000
Iteration 102: 0.000003834 0.000202875 0.000159000 0.000208416 0.000209875 0.000141708
Iteration 103: 0.000003709 0.000169750 0.000154333 0.000150834 0.000117917 0.000307250
Iteration 104: 0.000005417 0.000146541 0.000156958 0.000219083 0.000175792 0.000202666
Iteration 105: 0.000002958 0.000149125 0.000160042 0.000192167 0.000153792 0.000250833
Iteration 106: 0.000003208 0.000234833 0.000149875 0.000167416 0.000156541 0.000220500
Iteration 107: 0.000012500 0.000252208 0.000135708 0.000123500 0.000194709 0.000354000
Iteration 108: 0.000010958 0.000142209 0.000214542 0.000144292 0.000173541 0.000223625
Iteration 109: 0.000002667 0.000143917 0.000185542 0.000152625 0.000177500 0.000267375
Iteration 110: 0.000002666 0.000260791 0.000213875 0.000150000 0.000136292 0.000251750
Iteration 111: 0.000002625 0.000161041 0.000218834 0.000180458 0.000212334 0.000129917
Iteration 112: 0.000003083 0.000186542 0.000197375 0.000168000 0.000129458 0.000225042
Iteration 113: 0.000002667 0.000123167 0.000167208 0.000191500 0.000197500 0.000208875
Iteration 114: 0.000002375 0.000199208 0.000201250 0.000138875 0.000123834 0.000231125
Iteration 115: 0.000002583 0.000131334 0.000197209 0.000180667 0.000156167 0.000241292
Iteration 116: 0.000002625 0.000226958 0.000413542 0.000239750 0.000293542 0.000439541
Iteration 117: 0.000007208 0.000186292 0.000144750 0.000190333 0.000183833 0.000267709
Iteration 118: 0.000003833 0.000134292 0.000166917 0.000315125 0.000185708 0.000204041
Iteration 119: 0.000003375 0.000126541 0.000217833 0.000188250 0.000115041 0.000252000
Iteration 120: 0.000002792 0.000162708 0.000169750 0.000218042 0.000115125 0.000263375
Iteration 121: 0.000005542 0.000153542 0.000212667 0.000126375 0.000200959 0.000206000
Iteration 122: 0.000002791 0.000186833 0.000147250 0.000139541 0.000163500 0.000278750
Iteration 123: 0.000003083 0.000212834 0.000149375 0.000168084 0.000153792 0.000206000
Iteration 124: 0.000003125 0.000169084 0.000194334 0.000159750 0.000170375 0.000327917
Iteration 125: 0.000004333 0.000204125 0.000185167 0.000139625 0.000148458 0.000235917
Iteration 126: 0.000005083 0.000244709 0.004224125 0.000194542 0.000124500 0.000184917
Iteration 127: 0.000006583 0.000168166 0.000197792 0.000175250 0.000116625 0.000227250
Iteration 128: 0.000003167 0.000171625 0.000213041 0.000218625 0.000202709 0.000132708
Iteration 129: 0.000002875 0.000198666 0.000381416 0.000158042 0.000193167 0.000276917
Iteration 130: 0.000005833 0.000157792 0.000124500 0.000363167 0.000284750 0.000273250
Iteration 131: 0.000004583 0.000237792 0.000153667 0.000182833 0.000206417 0.000228250
Iteration 132: 0.000006166 0.000197333 0.000430125 0.000399875 0.000204125 0.000198209
Iteration 133: 0.000006834 0.000131500 0.000227792 0.000168834 0.000160209 0.000246125
Iteration 134: 0.000006500 0.000148125 0.000181000 0.000138833 0.000165916 0.000284167
Iteration 135: 0.000002416 0.000132500 0.000157208 0.000141000 0.000160625 0.000348375
Iteration 136: 0.000002583 0.000199709 0.000133417 0.000204042 0.000163000 0.000313542
Iteration 137: 0.000005958 0.000208792 0.000181417 0.000162250 0.000128166 0.000206333
Iteration 138: 0.000003333 0.000141000 0.000157666 0.000209709 0.000120667 0.000299417
Iteration 139: 0.000004417 0.000202792 0.000157166 0.000135625 0.000143542 0.000242750
Iteration 140: 0.000003000 0.000163958 0.000337333 0.000376333 0.000255417 0.000145958
Iteration 141: 0.000004708 0.000197917 0.000139000 0.000189667 0.000116583 0.000248250
Iteration 142: 0.000002416 0.000137416 0.000172166 0.000112542 0.000168917 0.000280958
Iteration 143: 0.000002292 0.000352125 0.000405500 0.000441000 0.000285167 0.000326458
Iteration 144: 0.000004708 0.000148750 0.000157500 0.000164917 0.000163792 0.000275583
Iteration 145: 0.000003917 0.000156000 0.000155833 0.000206375 0.000208208 0.000299750
Iteration 146: 0.000017958 0.000181625 0.000196500 0.000268458 0.000192666 0.000204542
Iteration 147: 0.000008584 0.000196417 0.000133041 0.000172583 0.000157083 0.000211959
Iteration 148: 0.000003500 0.000167583 0.000147583 0.000119417 0.000123750 0.000347500
Iteration 149: 0.000003334 0.000197459 0.000196792 0.000150459 0.000179750 0.000145333
Iteration 150: 0.000002375 0.000155791 0.000191958 0.000201416 0.000205583 0.000122083
Iteration 151: 0.000002458 0.000146042 0.000140084 0.000124291 0.000135208 0.000332208
Iteration 152: 0.000002333 0.000188458 0.000167833 0.000172375 0.000170625 0.000183917
Iteration 153: 0.000002417 0.000268208 0.000343917 0.000222625 0.000121667 0.000198500
Iteration 154: 0.000009875 0.000134333 0.000167250 0.000139084 0.000157625 0.000310417
Iteration 155: 0.000003459 0.000180459 0.000168417 0.000183250 0.000121042 0.000253792
Iteration 156: 0.000002708 0.000195792 0.000224750 0.000170708 0.000234958 0.000120125
Iteration 157: 0.000007125 0.000217541 0.000142292 0.000214459 0.000119459 0.000205750
Iteration 158: 0.000003208 0.000176083 0.000178750 0.000181958 0.000156959 0.000183917
Iteration 159: 0.000023667 0.000134625 0.000137709 0.000200834 0.000126334 0.000280542
Iteration 160: 0.000002792 0.000125208 0.000212333 0.000136333 0.000128833 0.000273916
Iteration 161: 0.000002459 0.000159167 0.000157375 0.000162375 0.000212208 0.000181959
Iteration 162: 0.000002334 0.000191541 0.000150709 0.000150459 0.000177750 0.000234000
Iteration 163: 0.000004833 0.000111125 0.000134917 0.000138584 0.000211375 0.000308334
Iteration 164: 0.000009666 0.000196792 0.000162375 0.000115666 0.000160208 0.000270958
Iteration 165: 0.000003291 0.000147375 0.000193125 0.000216791 0.000209125 0.000429125
Iteration 166: 0.000015708 0.000592333 0.000288459 0.000217334 0.000121792 0.000332375
Iteration 167: 0.000025375 0.000165458 0.000213000 0.000207583 0.000216083 0.000119958
Iteration 168: 0.000002542 0.000192167 0.000152375 0.000149417 0.000188709 0.000203959
Iteration 169: 0.000002458 0.000134125 0.000198833 0.000134541 0.000169916 0.000285708
Iteration 170: 0.000002459 0.000282125 0.000790625 0.000502708 0.000352083 0.000224375
Iteration 171: 0.000009375 0.000187750 0.000435167 0.000350125 0.000243417 0.000597833
Iteration 172: 0.000027791 0.000193458 0.000157167 0.000188500 0.000162291 0.000187417
Iteration 173: 0.000002750 0.000201000 0.000180542 0.000142583 0.000172250 0.000177333
Iteration 174: 0.000002334 0.000163292 0.000119667 0.000124625 0.000185917 0.000279500
Iteration 175: 0.000002375 0.000112250 0.000120542 0.000202209 0.000184500 0.000251291
Iteration 176: 0.000002417 0.000209667 0.000157791 0.000189583 0.000160000 0.000206959
Iteration 177: 0.000016958 0.000921666 0.000282958 0.000315792 0.000378833 0.000261916
Iteration 178: 0.000006625 0.000173125 0.000113542 0.000165083 0.000127708 0.000306792
Iteration 179: 0.000003333 0.000227459 0.000420208 0.000271666 0.000127667 0.000641958
Iteration 180: 0.000014125 0.000303084 0.000130334 0.000198000 0.000156792 0.000238708
Iteration 181: 0.000008666 0.000160042 0.000215917 0.000191500 0.000120583 0.000195375
Iteration 182: 0.000002625 0.000139166 0.000175166 0.000172875 0.000194209 0.000192750
Iteration 183: 0.000002333 0.000125833 0.000154916 0.000173042 0.000150875 0.000281500
Iteration 184: 0.000005166 0.000184083 0.000142708 0.000145334 0.000153584 0.000282167
Iteration 185: 0.000045583 0.000199916 0.000175208 0.000121375 0.000125333 0.000280708
Iteration 186: 0.000004125 0.000142625 0.000196666 0.000204250 0.000189250 0.000162208
Iteration 187: 0.000010250 0.000411833 0.000198958 0.000138709 0.000441500 0.000317125
Iteration 188: 0.000008917 0.000278500 0.000197958 0.000164500 0.000195583 0.000173750
Iteration 189: 0.000002792 0.000255958 0.000202041 0.000121791 0.000151042 0.000197709
Iteration 190: 0.000002083 0.000167333 0.000158709 0.000164500 0.000144000 0.000272209
Iteration 191: 0.000001875 0.000136167 0.000179000 0.000136875 0.000206458 0.000286583
Iteration 192: 0.000004084 0.000337125 0.000207917 0.000163625 0.000169083 0.000171708
Iteration 193: 0.000002709 0.000142333 0.000201583 0.000166958 0.000169375 0.000219542
Iteration 194: 0.000003000 0.000184416 0.000216125 0.000147125 0.000185333 0.000201875
Iteration 195: 0.000003292 0.000204750 0.000216459 0.000265083 0.000205708 0.000075459
Iteration 196: 0.000003375 0.000174459 0.000110875 0.000167875 0.000167167 0.000252583
Iteration 197: 0.000001875 0.000170583 0.000142792 0.000255375 0.000143792 0.000240000
Iteration 198: 0.000002583 0.000212125 0.000114833 0.000199291 0.000172708 0.000183333
Iteration 199: 0.000001834 0.000134209 0.000191458 0.000145250 0.000213958 0.000191625
Iteration 200: 0.000001750 0.000191042 0.000211834 0.000141709 0.000177709 0.000162917
Iteration 201: 0.000001875 0.000165458 0.000173083 0.000176375 0.000202709 0.000193125
Iteration 202: 0.000002500 0.000255250 0.000294416 0.000416792 0.000334125 0.000367334
Iteration 203: 0.000005833 0.000180708 0.000192458 0.000128625 0.000128916 0.000250250
Iteration 204: 0.000001833 0.000219625 0.000178042 0.000190041 0.000193792 0.000107125
Iteration 205: 0.000001791 0.000125667 0.000163917 0.000213000 0.000173417 0.000194000
Iteration 206: 0.000001709 0.000174833 0.000112209 0.000183209 0.000175750 0.000229375
Iteration 207: 0.000001791 0.000186208 0.000179625 0.000116125 0.000181042 0.000208792
Iteration 208: 0.000001792 0.000168667 0.000203792 0.000176791 0.000149917 0.000175084
Iteration 209: 0.000001750 0.000285833 0.000260667 0.000211875 0.000149750 0.000144292
Iteration 210: 0.000003708 0.000134709 0.000123458 0.000169000 0.000119959 0.000627167
Iteration 211: 0.000013459 0.000432875 0.000191542 0.000116375 0.000154834 0.000276375
Iteration 212: 0.000006375 0.000138167 0.000169458 0.000127208 0.000160792 0.000305959
Iteration 213: 0.000002084 0.000130583 0.000207833 0.000216125 0.000219666 0.000119625
Iteration 214: 0.000001792 0.000143625 0.000220542 0.000131458 0.000164709 0.000223334
Iteration 215: 0.000001875 0.000195083 0.000205125 0.000142750 0.000128958 0.000207500
Iteration 216: 0.000001834 0.000207375 0.000159916 0.000194667 0.000159750 0.000158208
Iteration 217: 0.000001750 0.000166666 0.000119041 0.000165750 0.000140333 0.000317000
Iteration 218: 0.000002375 0.000180916 0.000206167 0.000232875 0.000132000 0.000204167
Iteration 219: 0.000002167 0.000203792 0.000182208 0.000165000 0.000149917 0.000184292
Iteration 220: 0.000002250 0.000144875 0.000201167 0.000146792 0.000126625 0.000281834
Iteration 221: 0.000002500 0.000146958 0.000133250 0.000200209 0.000148625 0.000259500
Iteration 222: 0.000001791 0.000183250 0.000152208 0.000149958 0.000152458 0.000238541
Iteration 223: 0.000001958 0.000182208 0.000204291 0.000125708 0.000196041 0.000163042
Iteration 224: 0.000001875 0.000172334 0.000195083 0.000182333 0.000166083 0.000153000
Iteration 225: 0.000001708 0.000142833 0.000128791 0.000180958 0.000157459 0.000290833
Iteration 226: 0.000001916 0.000160000 0.000139541 0.000118542 0.000165834 0.000286917
Iteration 227: 0.000001833 0.000134625 0.000209583 0.000158375 0.000195958 0.000204125
Iteration 228: 0.000003708 0.000215291 0.000157958 0.000195042 0.000344000 0.000200000
Iteration 229: 0.000004833 0.000236917 0.000162375 0.000123417 0.000209792 0.000177125
Iteration 230: 0.000004375 0.000214042 0.000161375 0.000144666 0.000135625 0.000490000
Iteration 231: 0.000003834 0.000313625 0.000222875 0.000262541 0.000206500 0.000069459
Iteration 232: 0.000004375 0.000210625 0.000354208 0.000264750 0.000151125 0.000160875
Iteration 233: 0.000006417 0.000147416 0.000116416 0.000196667 0.000185792 0.000247625
Iteration 234: 0.000001917 0.000142875 0.000211208 0.000181000 0.000149834 0.000191167
Iteration 235: 0.000002167 0.000373917 0.000145958 0.000118459 0.000174792 0.000308125
Iteration 236: 0.000009542 0.000178208 0.000214459 0.000416417 0.000173167 0.000128959
Iteration 237: 0.000003250 0.000120208 0.000145208 0.000140875 0.000229542 0.000346375
Iteration 238: 0.000004167 0.000202666 0.000176792 0.000151167 0.000166209 0.000181625
Iteration 239: 0.000002375 0.000151000 0.000171583 0.000123500 0.000170916 0.000295375
Iteration 240: 0.000003208 0.000175292 0.000193667 0.000120834 0.000172250 0.000209708
Iteration 241: 0.000001750 0.000209584 0.000144625 0.000129458 0.000196666 0.000197292
Iteration 242: 0.000001750 0.000175791 0.000219416 0.000163458 0.000173584 0.000152625
Iteration 243: 0.000001791 0.000208708 0.000144542 0.000151834 0.000208500 0.000169333
Iteration 244: 0.000003834 0.000158500 0.000122583 0.000235541 0.000213833 0.000493292
Iteration 245: 0.000005292 0.000177625 0.000145542 0.000186458 0.000191375 0.000182292
Iteration 246: 0.000002959 0.000271583 0.000277792 0.000129833 0.000208916 0.000165459
Iteration 247: 0.000003834 0.000188333 0.000184459 0.000184042 0.000176291 0.000179333
Iteration 248: 0.000002291 0.000121625 0.000188875 0.000195125 0.000149292 0.000215000
Iteration 249: 0.000001875 0.000182208 0.000174000 0.000199125 0.000146583 0.000219750
Iteration 250: 0.000001791 0.000133625 0.000165625 0.000177292 0.000171916 0.000284417
Iteration 251: 0.000002625 0.000179917 0.000121834 0.000131792 0.000197458 0.000243208
Iteration 252: 0.000032375 0.000213542 0.000218125 0.000362875 0.000113750 0.000259334
Iteration 253: 0.000003417 0.000515917 0.000177792 0.000169667 0.000219250 0.000175875
Iteration 254: 0.000002792 0.000167458 0.000136583 0.000119125 0.000214625 0.000251458
Iteration 255: 0.000001584 0.000120459 0.000181208 0.000170417 0.000161416 0.000284042
Iteration 256: 0.000017500 0.000113833 0.000153708 0.000167500 0.000205000 0.000255208
Iteration 257: 0.000018375 0.000127500 0.000204416 0.000194833 0.000212625 0.000133125
Iteration 258: 0.000001375 0.000112292 0.000187125 0.000126208 0.000199291 0.000255667
Iteration 259: 0.000001292 0.000111708 0.000211208 0.000149916 0.000183917 0.000221084
Iteration 260: 0.000001167 0.000144708 0.000144667 0.000195666 0.000227292 0.000203042
Iteration 261: 0.000001458 0.000118750 0.000274167 0.000167416 0.000187000 0.000207500
Iteration 262: 0.000001625 0.000165500 0.000141292 0.000131667 0.000138292 0.000305083
Iteration 263: 0.000001208 0.000151500 0.000174917 0.000204333 0.000195083 0.000150291
Iteration 264: 0.000001208 0.000135875 0.000202000 0.000185458 0.000219458 0.000138166
Iteration 265: 0.000001167 0.000127125 0.000192292 0.000157709 0.000168125 0.000251167
Iteration 266: 0.000001167 0.000203666 0.000200959 0.000155334 0.000127334 0.000210125
Iteration 267: 0.000001334 0.000142542 0.000136084 0.000173958 0.000128083 0.000305875
Iteration 268: 0.000001167 0.000121708 0.000138667 0.000117583 0.000213958 0.000294750
Iteration 269: 0.000001250 0.000156959 0.000215291 0.000211083 0.000147708 0.000155625
Iteration 270: 0.000001209 0.000206375 0.000146541 0.000180125 0.000179459 0.000213500
Iteration 271: 0.000002334 0.000159333 0.000190917 0.000119250 0.000155875 0.000261125
Iteration 272: 0.000001209 0.000159417 0.000211125 0.000137458 0.000154791 0.000223333
Iteration 273: 0.000001292 0.000217625 0.000163750 0.000190667 0.000144125 0.000170625
Iteration 274: 0.000001167 0.000207417 0.000208750 0.000191792 0.000119625 0.000167875
Iteration 275: 0.000001209 0.000213417 0.000119542 0.000212000 0.000218667 0.000121834
Iteration 276: 0.000001250 0.000155709 0.000162792 0.000145917 0.000120167 0.000302791
Iteration 277: 0.000001208 0.000211333 0.000132750 0.000191666 0.000127708 0.000220042
Iteration 278: 0.000002167 0.000117209 0.000194083 0.000124500 0.000114583 0.000332541
Iteration 279: 0.000001208 0.000202833 0.000203542 0.000166833 0.000184500 0.000129417
Iteration 280: 0.000001292 0.000125083 0.000175416 0.000201833 0.000132625 0.000250333
Iteration 281: 0.000001250 0.000144584 0.000118625 0.000126500 0.000216792 0.000321917
Iteration 282: 0.000002041 0.000144583 0.000138375 0.000155291 0.000149250 0.000298209
Iteration 283: 0.000001125 0.000136375 0.000206292 0.000156375 0.000128375 0.000232625
Iteration 284: 0.000001166 0.000202708 0.000157291 0.000173125 0.000140750 0.000186209
Iteration 285: 0.000001125 0.000163083 0.000204250 0.000116458 0.000193000 0.000189958
Iteration 286: 0.000001209 0.000206625 0.000158375 0.000193042 0.000143959 0.000185792
Iteration 287: 0.000001167 0.000147291 0.000192875 0.000120542 0.000201375 0.000284708
Iteration 288: 0.000002083 0.000216334 0.000204584 0.000215291 0.000129292 0.000251042
Iteration 289: 0.000001333 0.000198209 0.000180625 0.000135667 0.000160542 0.001292209
Iteration 290: 0.000001875 0.000167083 0.000122125 0.000202250 0.000144750 0.000254958
Iteration 291: 0.000001250 0.001475834 0.000289708 0.000212292 0.000188250 0.000264666
Iteration 292: 0.000001583 0.000163959 0.000184750 0.000214833 0.000193166 0.000135083
Iteration 293: 0.000001208 0.000197291 0.000197541 0.003343500 0.000267791 0.000221833
Iteration 294: 0.000002000 0.000117250 0.000124209 0.000137542 0.000140584 0.000370792
Iteration 295: 0.000001208 0.000131875 0.000205833 0.000122000 0.000148833 0.000281916
Iteration 296: 0.000001250 0.000140625 0.000144500 0.000120292 0.000170917 0.000309583
Iteration 297: 0.000001250 0.000190292 0.000194875 0.000202750 0.000171959 0.000123958
Iteration 298: 0.000001208 0.000134167 0.000124459 0.000199500 0.000142500 0.000337375
Iteration 299: 0.000001250 0.000147583 0.000237917 0.000149208 0.000178334 0.000285334
Iteration 300: 0.000001708 0.000186167 0.000119791 0.000181250 0.000159417 0.000278667
Iteration 301: 0.000001833 0.000219167 0.000181042 0.000346583 0.000232375 0.000104292
Iteration 302: 0.000007916 0.000139417 0.000217500 0.000224917 0.000199041 0.000194042
Iteration 303: 0.000001666 0.000207875 0.000158833 0.000199291 0.000114667 0.000207625
Iteration 304: 0.000001167 0.000196542 0.000188000 0.000181667 0.000203375 0.000105500
Iteration 305: 0.000001250 0.000168291 0.000155667 0.000198459 0.000174042 0.000186542
Iteration 306: 0.000001292 0.000138666 0.000128084 0.000116667 0.000165000 0.000334833
Iteration 307: 0.000001166 0.000116000 0.000145167 0.000206459 0.000165459 0.000260209
Iteration 308: 0.000001209 0.000212541 0.000171791 0.000210041 0.000116167 0.000228834
Iteration 309: 0.000001667 0.000201459 0.000286792 0.000180792 0.000193500 0.000127417
Iteration 310: 0.000001709 0.000217334 0.000199250 0.000140375 0.000203666 0.000142500
Iteration 311: 0.000001291 0.000168500 0.000132167 0.000178666 0.000152208 0.000292084
Iteration 312: 0.000001250 0.000131459 0.000178917 0.000159042 0.000114709 0.000293834
Iteration 313: 0.000001209 0.000164250 0.000212500 0.000169125 0.000187667 0.000198333
Iteration 314: 0.000001208 0.000146916 0.000131750 0.000178333 0.000169583 0.000278000
Iteration 315: 0.000001625 0.000177334 0.000165042 0.000206833 0.000129625 0.000219000
Iteration 316: 0.000001458 0.000216709 0.000138917 0.000160667 0.000255625 0.000181958
Iteration 317: 0.000001375 0.000164167 0.000186417 0.000145083 0.000219209 0.000311125
Iteration 318: 0.000001500 0.000124750 0.000166708 0.000191625 0.000224541 0.000235459
Iteration 319: 0.000007708 0.000205375 0.000202500 0.000141667 0.000120583 0.000209125
Iteration 320: 0.000001209 0.000111459 0.000159667 0.000203709 0.000156750 0.000231125
Iteration 321: 0.000001208 0.000176333 0.000192875 0.000168666 0.000184041 0.000196708
Iteration 322: 0.000001250 0.000224334 0.000206250 0.000154792 0.000168958 0.000139708
Iteration 323: 0.000001208 0.000204166 0.000110125 0.000180958 0.000153250 0.000226792
Iteration 324: 0.000001167 0.000194792 0.000113625 0.000156000 0.000129334 0.000348334
Iteration 325: 0.000001209 0.000131125 0.000117083 0.000157250 0.000141209 0.000374458
Iteration 326: 0.000001500 0.000167459 0.000201208 0.000204625 0.000183500 0.000198875
Iteration 327: 0.000001417 0.000188583 0.000159250 0.000163458 0.000211208 0.000173125
Iteration 328: 0.000001333 0.000117334 0.000158750 0.000177458 0.000165875 0.000300500
Iteration 329: 0.000001833 0.000165458 0.000212125 0.000215584 0.000144959 0.000148292
Iteration 330: 0.000001208 0.000205917 0.000159625 0.000208375 0.000204875 0.000137333
Iteration 331: 0.000001792 0.000130250 0.000181125 0.000124750 0.000133500 0.000329292
Iteration 332: 0.000001208 0.000221250 0.000129625 0.000217167 0.000123875 0.000198959
Iteration 333: 0.000001209 0.000111750 0.000127458 0.000112667 0.000222083 0.000360625
Iteration 334: 0.000001292 0.000193125 0.000213583 0.000191416 0.000216750 0.000069916
Iteration 335: 0.000001167 0.000149542 0.000133875 0.000178375 0.000164208 0.000258292
Iteration 336: 0.000001167 0.000129750 0.000197958 0.000189708 0.000183750 0.000204666
Iteration 337: 0.000001292 0.000184750 0.000129916 0.000187083 0.000184000 0.000204917
Iteration 338: 0.000001333 0.000122333 0.000179834 0.000129750 0.000123542 0.000315000
Iteration 339: 0.000001166 0.000155750 0.000188875 0.000125500 0.000175125 0.000218125
Iteration 340: 0.000002375 0.000175834 0.000130375 0.000188916 0.000178833 0.000216541
Iteration 341: 0.000001166 0.000124917 0.000171291 0.000191125 0.000113833 0.000294375
Iteration 342: 0.000001292 0.000135833 0.000160250 0.000141625 0.000181958 0.000280958
Iteration 343: 0.000001208 0.000203375 0.000152250 0.000120583 0.000150500 0.000257333
Iteration 344: 0.000001208 0.000191791 0.000205083 0.000146958 0.000148417 0.000212500
Iteration 345: 0.000001792 0.000147916 0.000132042 0.000129292 0.000191250 0.000290167
Iteration 346: 0.000001208 0.000206333 0.000162375 0.000165416 0.000157292 0.000211750
Iteration 347: 0.000001208 0.000154000 0.000158750 0.000195125 0.000183875 0.000201292
Iteration 348: 0.000001125 0.000149375 0.000130959 0.000178292 0.000125542 0.000299791
Iteration 349: 0.000001166 0.000190167 0.000174458 0.000128166 0.000115750 0.000281333
Iteration 350: 0.000001208 0.000142417 0.000217167 0.000193125 0.000179583 0.000162833
Iteration 351: 0.000001208 0.000187417 0.000146458 0.000173333 0.000116542 0.000265834
Iteration 352: 0.000001250 0.000116791 0.000171583 0.000169333 0.000126625 0.000305250
Iteration 353: 0.000001167 0.000199083 0.000170084 0.000156459 0.000160084 0.000204166
Iteration 354: 0.000001209 0.000140750 0.000180833 0.000168334 0.000120458 0.000277750
Iteration 355: 0.000001250 0.000159625 0.000122583 0.000166167 0.000157334 0.000283583
Iteration 356: 0.000004292 0.000206083 0.000171500 0.000124708 0.000169667 0.000277625
Iteration 357: 0.000002083 0.000207458 0.000159292 0.000194625 0.000124333 0.000208042
Iteration 358: 0.000001167 0.000177750 0.000203833 0.000120125 0.000208667 0.000187708
Iteration 359: 0.000001250 0.000129792 0.000182125 0.000142833 0.000200916 0.000238583
Iteration 360: 0.000001167 0.000112625 0.000201000 0.000123583 0.000181917 0.000276667
Iteration 361: 0.000001250 0.000180458 0.000166042 0.000199125 0.000157000 0.000187458
Iteration 362: 0.000001208 0.000199167 0.000213833 0.000204958 0.000214708 0.000055959
Iteration 363: 0.000001208 0.000184333 0.000158292 0.000211417 0.000111917 0.000224375
Iteration 364: 0.000001209 0.000158500 0.000208833 0.000204916 0.000183000 0.000134875
Iteration 365: 0.000001250 0.000175833 0.000173375 0.000124125 0.000173042 0.000246834
Iteration 366: 0.000001250 0.000138917 0.000144167 0.000200084 0.000175209 0.000231250
Iteration 367: 0.000001208 0.000215250 0.000206917 0.000161875 0.000113959 0.000262625
Iteration 368: 0.000001958 0.000138334 0.000166709 0.000170833 0.000113667 0.000299292
Iteration 369: 0.000001250 0.000118708 0.000177500 0.000173792 0.000120125 0.000295917
Iteration 370: 0.000001167 0.000124583 0.000114000 0.000212167 0.000123958 0.000315666
Iteration 371: 0.000001166 0.000135542 0.000151208 0.000155042 0.000147209 0.000297417
Iteration 372: 0.000002209 0.000197375 0.000203917 0.000158917 0.000157708 0.000164708
Iteration 373: 0.000001167 0.000225250 0.000131125 0.000181625 0.000206500 0.000157333
Iteration 374: 0.000001209 0.000178167 0.000176916 0.000205334 0.000111833 0.000215625
Iteration 375: 0.000001208 0.000184625 0.000210625 0.000134416 0.000215500 0.000185583
Iteration 376: 0.000001583 0.000171125 0.000212167 0.000133958 0.000215792 0.000161166
Iteration 377: 0.000001167 0.000176917 0.000161000 0.000211916 0.000163625 0.000174833
Iteration 378: 0.000001166 0.000116958 0.000192125 0.000195959 0.000221584 0.000258750
Iteration 379: 0.000002250 0.000124500 0.000178917 0.000128333 0.000163083 0.000302416
Iteration 380: 0.000001208 0.000141583 0.000173083 0.000213833 0.000161083 0.000211625
Iteration 381: 0.000001416 0.000216792 0.000178625 0.000195792 0.000165584 0.000175708
Iteration 382: 0.000001583 0.000185000 0.000197042 0.000215083 0.000123125 0.000171708
Iteration 383: 0.000001167 0.000124792 0.000132959 0.000170334 0.000216708 0.000260417
Iteration 384: 0.000001167 0.000174709 0.000214208 0.000199000 0.000146666 0.000180792
Iteration 385: 0.000001208 0.000198417 0.000163333 0.000119125 0.000180000 0.000240625
Iteration 386: 0.000001209 0.000198750 0.000135375 0.000214334 0.000145000 0.000174625
Iteration 387: 0.000001125 0.000118458 0.000141375 0.000131750 0.000143458 0.000332791
Iteration 388: 0.000001125 0.000145583 0.000138791 0.000180333 0.000147875 0.000254375
Iteration 389: 0.000001167 0.000205250 0.000207667 0.000125750 0.000118917 0.000213083
Iteration 390: 0.000001208 0.000157250 0.000138625 0.000189750 0.000153958 0.000247708
Iteration 391: 0.000001209 0.000207334 0.000127792 0.000194417 0.000151708 0.000207666
Iteration 392: 0.000001125 0.000157000 0.000161417 0.000131959 0.000151917 0.000282708
Iteration 393: 0.000002417 0.000169417 0.000196334 0.000141792 0.000172708 0.000212458
Iteration 394: 0.000001291 0.000137417 0.000158708 0.000174458 0.000173958 0.000252541
Iteration 395: 0.000001167 0.000147541 0.000171416 0.000179167 0.000133584 0.000252583
Iteration 396: 0.000001167 0.000164042 0.000170959 0.000118167 0.000181041 0.000264875
Iteration 397: 0.000001208 0.000153917 0.000163417 0.000163958 0.000172458 0.000246583
Iteration 398: 0.000001209 0.000157959 0.000121334 0.000120000 0.000211333 0.000260708
Iteration 399: 0.000001125 0.000119709 0.000167334 0.000182625 0.000136000 0.000273334
Iteration 400: 0.000001209 0.000177500 0.000168375 0.000138792 0.000145333 0.000254416
Iteration 401: 0.000001209 0.000179167 0.000113709 0.000118417 0.000186708 0.000305375
Iteration 402: 0.000001209 0.000149667 0.000116792 0.000136333 0.000116375 0.000378042
Iteration 403: 0.000001166 0.000126500 0.000184625 0.000202625 0.000172542 0.000206500
Iteration 404: 0.000001208 0.000145042 0.000144917 0.000146000 0.000184916 0.000287333
Iteration 405: 0.000001167 0.000184459 0.000141292 0.000192208 0.000140708 0.000234333
Iteration 406: 0.000001167 0.000152709 0.000166333 0.000121083 0.000196625 0.000256625
Iteration 407: 0.000001250 0.000130666 0.000188333 0.000198875 0.000126959 0.000260209
Iteration 408: 0.000001209 0.000149625 0.000167875 0.000139083 0.000206916 0.000226958
Iteration 409: 0.000001167 0.000213375 0.000137833 0.000144541 0.000195917 0.000196584
Iteration 410: 0.000001250 0.000208417 0.000133459 0.000207834 0.000126292 0.000220166
Iteration 411: 0.000001209 0.000142417 0.000140750 0.000182042 0.000155500 0.000276625
Iteration 412: 0.000001166 0.000140083 0.000159416 0.000237750 0.000205541 0.000178458
Iteration 413: 0.000002292 0.000141417 0.000210583 0.000175750 0.000183084 0.000190125
Iteration 414: 0.000002750 0.000122083 0.000155416 0.000141792 0.000216584 0.000269833
Iteration 415: 0.000001208 0.000113875 0.000199792 0.000183958 0.000155416 0.000259125
Iteration 416: 0.000001208 0.000212666 0.000208042 0.000200458 0.000126000 0.000168125
Iteration 417: 0.000001209 0.000205542 0.000196083 0.000215375 0.000168958 0.000108250
Iteration 418: 0.000001208 0.000122125 0.000204209 0.000169750 0.000144791 0.000256875
Iteration 419: 0.000001292 0.000117791 0.000215208 0.000173875 0.000203917 0.000230458
Iteration 420: 0.000001209 0.000162834 0.000173625 0.000116959 0.000184709 0.000237375
Iteration 421: 0.000001208 0.000167125 0.000197375 0.000125666 0.000140833 0.000238459
Iteration 422: 0.000001167 0.000124708 0.000166500 0.000182500 0.000170084 0.000244375
Iteration 423: 0.000001167 0.000135625 0.000156458 0.000125959 0.000124333 0.000347334
Iteration 424: 0.000001209 0.000223625 0.000213042 0.000168917 0.000140625 0.000148209
Iteration 425: 0.000001250 0.000217625 0.000195458 0.000145875 0.000185667 0.000141041
Iteration 426: 0.000001333 0.000116292 0.000125875 0.000167166 0.000132833 0.000340208
Iteration 427: 0.000001208 0.000219291 0.000203458 0.000185334 0.000193875 0.000105042
Iteration 428: 0.000001250 0.000133333 0.000155000 0.000211041 0.000190583 0.000213875
Iteration 429: 0.000001250 0.000195125 0.000118041 0.000158292 0.000214667 0.000206000
Iteration 430: 0.000001167 0.000188708 0.000183041 0.000175541 0.000190167 0.000168042
Iteration 431: 0.000001208 0.000209791 0.000201500 0.000151959 0.000117459 0.000213709
Iteration 432: 0.000001209 0.000166417 0.000148209 0.000131000 0.000132333 0.000306042
Iteration 433: 0.000001292 0.000115000 0.000122500 0.000205750 0.000127209 0.000315292
Iteration 434: 0.000001166 0.000204417 0.000175083 0.000121708 0.000139750 0.000245167
Iteration 435: 0.000002333 0.000182333 0.000186333 0.000147709 0.000118167 0.000246375
Iteration 436: 0.000001250 0.000123250 0.000117500 0.000194667 0.000190959 0.000260625
Iteration 437: 0.000001208 0.000144750 0.000201416 0.000158125 0.000187875 0.000191750
Iteration 438: 0.000001250 0.000122583 0.000136500 0.000129792 0.000126334 0.000367167
Iteration 439: 0.000001166 0.000186250 0.000198208 0.000176250 0.000177625 0.000143667
Iteration 440: 0.000001167 0.000142708 0.000191709 0.000184292 0.000206666 0.000154625
Iteration 441: 0.000001167 0.000170167 0.000196417 0.000181125 0.000121000 0.000214166
Iteration 442: 0.000001208 0.000202833 0.000181583 0.000137333 0.000127375 0.000259541
Iteration 443: 0.000001208 0.000161000 0.000209416 0.000162000 0.000129583 0.000228292
Iteration 444: 0.000001292 0.000121375 0.000126875 0.000160541 0.000202542 0.000270750
Iteration 445: 0.000001208 0.000192709 0.000126458 0.000145041 0.000113917 0.000309167
Iteration 446: 0.000001166 0.000156500 0.000161917 0.000142000 0.000195125 0.000229083
Iteration 447: 0.000001166 0.000164667 0.000164708 0.000216208 0.000175250 0.000168083
Iteration 448: 0.000001208 0.000207333 0.000118584 0.000132125 0.000176458 0.000255458
Iteration 449: 0.000001166 0.000175375 0.000179542 0.000146375 0.000149625 0.000241250
Iteration 450: 0.000001167 0.000181000 0.000174958 0.000204500 0.000141833 0.000185167
Iteration 451: 0.000001167 0.000135334 0.000215292 0.000164584 0.000180959 0.000187500
Iteration 452: 0.000001208 0.000191416 0.000149542 0.000147959 0.000167583 0.000228667
Iteration 453: 0.000001167 0.000149291 0.000124458 0.000136791 0.000123792 0.001380625
Iteration 454: 0.000001750 0.000156041 0.000159167 0.000131375 0.000136333 0.000295625
Iteration 455: 0.000001167 0.000141500 0.000118083 0.000154666 0.000149500 0.000325958
Iteration 456: 0.000001209 0.000167834 0.000190459 0.000188917 0.000168125 0.000169792
Iteration 457: 0.000001250 0.000132417 0.000193834 0.000113667 0.000173042 0.000279083
Iteration 458: 0.000001333 0.000134291 0.000137458 0.000194083 0.000208167 0.000210542
Iteration 459: 0.000001166 0.000165500 0.000195666 0.000162542 0.000199250 0.000170083
Iteration 460: 0.000001166 0.000198250 0.000212666 0.000121167 0.000134959 0.000211625
Iteration 461: 0.000001167 0.000171250 0.000114625 0.000198583 0.000122083 0.000268167
Iteration 462: 0.000001209 0.000205459 0.000212583 0.000156208 0.000139125 0.000168916
Iteration 463: 0.000001166 0.000181750 0.000157125 0.000192292 0.000184375 0.000164708
Iteration 464: 0.000001166 0.000125958 0.000162625 0.000156583 0.000182875 0.000241542
Iteration 465: 0.000001334 0.000150291 0.000135625 0.000200916 0.000155375 0.000226583
Iteration 466: 0.000001167 0.000182875 0.000176083 0.000207125 0.000150083 0.000131666
Iteration 467: 0.000001125 0.000170833 0.000159875 0.000148333 0.000188250 0.000187541
Iteration 468: 0.000001208 0.000148209 0.000174292 0.000194375 0.000131625 0.000219708
Iteration 469: 0.000001167 0.000160334 0.000128792 0.000158500 0.000142833 0.000263667
Iteration 470: 0.000001167 0.000165917 0.000170042 0.000191292 0.000107791 0.000215292
Iteration 471: 0.000001125 0.000205209 0.000130917 0.000135584 0.000145209 0.000230083
Iteration 472: 0.000001125 0.000135542 0.000127084 0.000206167 0.000168875 0.000210000
Iteration 473: 0.000001250 0.000126458 0.000129875 0.000161834 0.000120500 0.000310833
Iteration 474: 0.000001125 0.000122666 0.000192041 0.000194166 0.000121458 0.000236250
Iteration 475: 0.000001208 0.000202708 0.000113666 0.000183875 0.000212333 0.000141917
Iteration 476: 0.000001125 0.000137500 0.000129042 0.000188042 0.000178500 0.000250625
Iteration 477: 0.000001208 0.000138125 0.000190875 0.000194708 0.000158625 0.000204208
Iteration 478: 0.000001125 0.000207792 0.000118750 0.000148791 0.000205292 0.000185792
Iteration 479: 0.000001208 0.000212542 0.000161792 0.000201708 0.000175666 0.000107250
Iteration 480: 0.000001125 0.000206209 0.000190250 0.000123417 0.000195584 0.000140750
Iteration 481: 0.000001125 0.000120458 0.000156583 0.000114416 0.000202375 0.000270125
Iteration 482: 0.000001125 0.000206500 0.000151167 0.000139167 0.000203750 0.000178250
Iteration 483: 0.000001125 0.000163542 0.000113209 0.000206125 0.000186042 0.000194625
Iteration 484: 0.000001167 0.000146708 0.000194625 0.000211584 0.000192959 0.000115209
Iteration 485: 0.000001167 0.000124375 0.000151792 0.000160667 0.000140334 0.000295041
Iteration 486: 0.000001292 0.000168958 0.000133583 0.000178958 0.000169083 0.000207167
Iteration 487: 0.000001167 0.000128834 0.000206625 0.000164500 0.000203333 0.000142917
Iteration 488: 0.000001166 0.000109792 0.000162000 0.000167042 0.000165500 0.000258833
Iteration 489: 0.000001166 0.000203709 0.000120125 0.000180958 0.000118083 0.000238000
Iteration 490: 0.000001208 0.000193250 0.000156416 0.000204417 0.000177042 0.000128375
Iteration 491: 0.000001291 0.000119625 0.000170083 0.000168291 0.000119792 0.000310667
Iteration 492: 0.000001333 0.000139041 0.000189792 0.000213500 0.000207542 0.000136958
Iteration 493: 0.000001125 0.000121709 0.000117708 0.000118750 0.000203416 0.000315708
Iteration 494: 0.000001291 0.000195792 0.000152416 0.000120542 0.000176375 0.000240000
Iteration 495: 0.000001250 0.000196500 0.000213166 0.000131458 0.000112667 0.000241000
Iteration 496: 0.000001291 0.000195458 0.000163166 0.000217208 0.000160458 0.000147250
Iteration 497: 0.000001208 0.000156250 0.000175833 0.000190125 0.000208167 0.000151041
Iteration 498: 0.000001250 0.000209416 0.000122792 0.000155209 0.000183625 0.000207084
Iteration 499: 0.000001542 0.000128875 0.000131250 0.000150375 0.000216750 0.000254417
Iteration 500: 0.000001209 0.000158333 0.000207750 0.000173958 0.000172875 0.000170125
Iteration 501: 0.000001209 0.000146875 0.000175041 0.000180125 0.000163458 0.000219208
Iteration 502: 0.000001375 0.000153375 0.000120375 0.000129459 0.000158917 0.000325083
Iteration 503: 0.000001375 0.000216916 0.000164958 0.000115625 0.000177833 0.000207917
Iteration 504: 0.000001291 0.000174792 0.000165958 0.000178917 0.000200667 0.000192083
Iteration 505: 0.000002417 0.000153667 0.000124041 0.000164583 0.000209250 0.000230292
Iteration 506: 0.000001209 0.000157959 0.000148042 0.000212292 0.000203250 0.000150209
Iteration 507: 0.000001166 0.000156500 0.000212084 0.000216375 0.000180333 0.000105292
Iteration 508: 0.000001167 0.000138333 0.000163000 0.000129291 0.000204834 0.000223834
Iteration 509: 0.000001125 0.000119542 0.000132167 0.000141333 0.000201166 0.000265917
Iteration 510: 0.000001167 0.000185375 0.000132625 0.000158625 0.000194875 0.000183625
Iteration 511: 0.000001125 0.000195083 0.000194792 0.000164667 0.000142125 0.000177958
Iteration 512: 0.000001375 0.000179792 0.000188708 0.000142042 0.000137833 0.000254917
Iteration 513: 0.000001958 0.000168417 0.000154041 0.000119667 0.000110709 0.000325167
Iteration 514: 0.000001209 0.000186209 0.000124458 0.000178791 0.000166333 0.000215750
Iteration 515: 0.000001250 0.000116542 0.000140375 0.000199125 0.000125458 0.000292917
Iteration 516: 0.000001167 0.000205333 0.000144375 0.000145167 0.000206958 0.000179291
Iteration 517: 0.000001208 0.000147125 0.000210500 0.000116417 0.000206833 0.000204208
Iteration 518: 0.000001333 0.000167041 0.000199417 0.000166583 0.000216750 0.000130917
Iteration 519: 0.000001250 0.000205333 0.000164375 0.000184375 0.000168041 0.000155250
Iteration 520: 0.000001334 0.000127042 0.000172584 0.000124959 0.000181333 0.000285583
Iteration 521: 0.000001250 0.000116042 0.000188417 0.000171416 0.000206417 0.000198583
Iteration 522: 0.000001250 0.000162875 0.000154334 0.000140500 0.000188917 0.000237417
Iteration 523: 0.000001209 0.000160375 0.000117334 0.000189625 0.000157833 0.000253709
Iteration 524: 0.000001375 0.000204708 0.000184583 0.000161292 0.000136875 0.000194250
Iteration 525: 0.000001250 0.000166084 0.000159000 0.000175792 0.000196292 0.000173875
Iteration 526: 0.000001209 0.000175875 0.000112500 0.000125708 0.000146500 0.000358750
Iteration 527: 0.000002334 0.000198125 0.000170083 0.000149958 0.000191333 0.000168583
Iteration 528: 0.000001291 0.000150791 0.000114666 0.000135125 0.000210958 0.000260125
Iteration 529: 0.000001209 0.000155166 0.000116083 0.000151666 0.000166750 0.000286250
Iteration 530: 0.000001209 0.000166041 0.000142375 0.000176292 0.000137375 0.000267709
Iteration 531: 0.000001209 0.000212500 0.000111333 0.000176000 0.000150250 0.000230917
Iteration 532: 0.000001292 0.000131125 0.000130833 0.000173250 0.000199500 0.000236917
Iteration 533: 0.000001167 0.000153625 0.000141000 0.000144250 0.000195458 0.000239291
Iteration 534: 0.000001166 0.000205667 0.000166917 0.000155084 0.000208209 0.000135417
Iteration 535: 0.000001208 0.000207250 0.000122041 0.000134542 0.000145333 0.000267000
Iteration 536: 0.000001208 0.000211625 0.000202708 0.000166125 0.000185125 0.000135709
Iteration 537: 0.000001541 0.000181125 0.000209250 0.000200375 0.000165209 0.000126500
Iteration 538: 0.000001167 0.000156542 0.000176042 0.000189000 0.000194959 0.000173833
Iteration 539: 0.000001542 0.000200000 0.000161375 0.000195000 0.000131708 0.000182708
Iteration 540: 0.000001291 0.000178292 0.000197791 0.000125167 0.000113791 0.000256625
Iteration 541: 0.000001250 0.000208500 0.000139792 0.000134500 0.000125042 0.000263000
Iteration 542: 0.000001167 0.000167333 0.000139792 0.000201250 0.000203542 0.000161916
Iteration 543: 0.000001208 0.000116750 0.000140875 0.000183459 0.000128000 0.000314083
Iteration 544: 0.000001166 0.000122917 0.000131083 0.000150125 0.000172209 0.000335084
Iteration 545: 0.000001292 0.000161541 0.000112666 0.000212542 0.000137167 0.000262291
Iteration 546: 0.000001167 0.000154583 0.000125333 0.000149875 0.000140792 0.000312250
Iteration 547: 0.000001333 0.000119208 0.000153375 0.000153916 0.000181459 0.000276834
Iteration 548: 0.000001250 0.000154250 0.000159167 0.000204500 0.000141667 0.000218083
Iteration 549: 0.000001292 0.000171708 0.000117625 0.000159125 0.000214417 0.000216500
Iteration 550: 0.000001209 0.000161750 0.000140000 0.000133458 0.000142958 0.000300000
Iteration 551: 0.000001208 0.000183875 0.000149042 0.000172000 0.000179750 0.000196750
Iteration 552: 0.000001292 0.000192125 0.000121042 0.000175541 0.000208542 0.000176834
Iteration 553: 0.000001167 0.000142375 0.000160583 0.000198166 0.000164708 0.000205292
Iteration 554: 0.000001334 0.000161375 0.000147250 0.000201958 0.000199083 0.000171958
Iteration 555: 0.000001167 0.000210542 0.000148667 0.000218042 0.000168334 0.000142292
Iteration 556: 0.000001166 0.000194625 0.000211916 0.000197792 0.000191584 0.000085875
Iteration 557: 0.000001167 0.000120292 0.000158167 0.000188333 0.000159083 0.000252333
Iteration 558: 0.000001208 0.000127334 0.000197917 0.000179042 0.000140375 0.000239209
Iteration 559: 0.000001167 0.000141166 0.000138916 0.000204708 0.000149125 0.000247042
Iteration 560: 0.000001166 0.000159792 0.000162500 0.000117333 0.000210291 0.000241208
Iteration 561: 0.000001583 0.000193417 0.000139708 0.000151500 0.000205375 0.000159959
Iteration 562: 0.000001166 0.000176125 0.000152542 0.000137541 0.000188500 0.000216208
Iteration 563: 0.000001208 0.000137209 0.000176000 0.000146625 0.000139417 0.000303166
Iteration 564: 0.000001250 0.000174959 0.000164042 0.000166375 0.000117625 0.000252042
Iteration 565: 0.000001167 0.000191959 0.000131167 0.000131875 0.000145333 0.000271292
Iteration 566: 0.000001292 0.000186208 0.000118000 0.000126042 0.000212583 0.000228958
Iteration 567: 0.000001166 0.000211000 0.000120333 0.000211667 0.000184084 0.000144750
Iteration 568: 0.000001208 0.000145167 0.000120625 0.000201542 0.000156625 0.000255000
Iteration 569: 0.000001209 0.000190541 0.000170083 0.000133542 0.000174375 0.000205792
Iteration 570: 0.000001292 0.000169458 0.000195000 0.000213875 0.000159375 0.000147833
Iteration 571: 0.000001250 0.000214750 0.000210333 0.000127791 0.000165250 0.000182417
Iteration 572: 0.000001292 0.000129542 0.000137916 0.000150750 0.000141791 0.000331500
Iteration 573: 0.000001166 0.000165958 0.000190625 0.000196166 0.000184334 0.000156500
Iteration 574: 0.000001166 0.000186042 0.000132292 0.000173250 0.000169750 0.000229667
Iteration 575: 0.000001208 0.000180292 0.000160042 0.000152916 0.000125542 0.000266000
Iteration 576: 0.000001333 0.000175208 0.000194792 0.000200208 0.000211792 0.000107750
Iteration 577: 0.000001208 0.000201500 0.000161666 0.000117458 0.000143167 0.000261166
Iteration 578: 0.000010625 0.000145541 0.000215958 0.000152958 0.000214959 0.000153625
Iteration 579: 0.000001208 0.000190750 0.000148916 0.000193125 0.000177958 0.000168542
Iteration 580: 0.000001167 0.000130416 0.000180792 0.000184500 0.000206667 0.000179625
Iteration 581: 0.000001167 0.000189459 0.000214042 0.000168625 0.000192417 0.000121167
Iteration 582: 0.000001250 0.000212375 0.000128042 0.000155000 0.000197625 0.000188084
Iteration 583: 0.000001292 0.000143959 0.000156917 0.000127166 0.000165667 0.000288125
Iteration 584: 0.000001209 0.000143333 0.000217333 0.000209500 0.000136792 0.000173250
Iteration 585: 0.000001250 0.000129833 0.000168833 0.000189500 0.000211458 0.000189458
Iteration 586: 0.000001208 0.000177833 0.000171792 0.000212750 0.000136083 0.000183958
Iteration 587: 0.000001166 0.000193667 0.000148584 0.000204042 0.000124208 0.000217125
Iteration 588: 0.000001209 0.000165166 0.000137583 0.000203875 0.000206666 0.000169958
Iteration 589: 0.000001167 0.000112334 0.000214375 0.000156375 0.000119500 0.000276584
Iteration 590: 0.000001167 0.000185334 0.000133417 0.000198416 0.000217542 0.000163917
Iteration 591: 0.000002166 0.000142291 0.000186541 0.000167958 0.000183583 0.000207875
Iteration 592: 0.000001167 0.000120375 0.000178917 0.000154583 0.000168125 0.000258791
Iteration 593: 0.000001375 0.000168750 0.000151291 0.000202917 0.000184250 0.000147708
Iteration 594: 0.000001291 0.000174709 0.000138459 0.000154209 0.000174916 0.000205458
Iteration 595: 0.000001166 0.000177834 0.000116334 0.000208292 0.000118958 0.000241000
Iteration 596: 0.000001250 0.000129542 0.000131791 0.000116834 0.000164459 0.000315125
Iteration 597: 0.000001125 0.000188834 0.000116000 0.000138083 0.000159042 0.000253709
Iteration 598: 0.000001250 0.000169459 0.000188000 0.000180916 0.000171583 0.000164792
Iteration 599: 0.000001167 0.000174458 0.000186292 0.000125959 0.000177334 0.000209375
Iteration 600: 0.000001167 0.000158417 0.000189584 0.000163208 0.000127041 0.000237584
Iteration 601: 0.000001125 0.000168583 0.000175458 0.000189583 0.000195792 0.000153125
Iteration 602: 0.000001125 0.000197750 0.000163750 0.000122875 0.000130792 0.000256417
Iteration 603: 0.000001209 0.000170375 0.000134625 0.000154125 0.000113709 0.000292333
Iteration 604: 0.000001208 0.000196667 0.000151500 0.000130208 0.000137500 0.000263250
Iteration 605: 0.000001125 0.000134625 0.000151417 0.000184042 0.000112625 0.000288750
Iteration 606: 0.000001167 0.000125834 0.000120167 0.000160375 0.000192125 0.000270083
Iteration 607: 0.000001166 0.000169042 0.000138209 0.000198625 0.000138917 0.000239792
Iteration 608: 0.000001416 0.000154958 0.000165541 0.000205750 0.000168709 0.000168250
Iteration 609: 0.000001125 0.000133125 0.000131084 0.000132417 0.000123584 0.000358500
Iteration 610: 0.000001250 0.000135333 0.000191666 0.000175000 0.000135250 0.000241084
Iteration 611: 0.000001333 0.000122458 0.000112333 0.000206333 0.000203542 0.000273917
Iteration 612: 0.000001166 0.000154709 0.000176000 0.000134834 0.000118334 0.000277084
Iteration 613: 0.000001167 0.000127916 0.000195708 0.000144125 0.000144959 0.000300417
Iteration 614: 0.000001875 0.000206042 0.000200125 0.000198250 0.000190875 0.000091833
Iteration 615: 0.000001167 0.000189375 0.000184750 0.000197584 0.000194000 0.000122708
Iteration 616: 0.000001167 0.000144000 0.000163834 0.000116084 0.000217750 0.000243333
Iteration 617: 0.000001208 0.000243208 0.000203042 0.000158041 0.000178792 0.000132209
Iteration 618: 0.000001167 0.000124125 0.000137750 0.000187375 0.000112792 0.000325166
Iteration 619: 0.000001292 0.000195666 0.000197667 0.000112542 0.000181833 0.000182958
Iteration 620: 0.000001291 0.000211875 0.000176041 0.000181958 0.000186500 0.000128166
Iteration 621: 0.000001166 0.000139000 0.000122042 0.000205541 0.000210709 0.000209333
Iteration 622: 0.000001208 0.000126708 0.000189666 0.000152333 0.000215208 0.000211459
Iteration 623: 0.000001167 0.000158334 0.000147375 0.000141583 0.000179625 0.000260875
Iteration 624: 0.000001208 0.000147667 0.000113000 0.000157041 0.000144125 0.000330083
Iteration 625: 0.000001333 0.000161583 0.000190291 0.000204584 0.000178167 0.000149000
Iteration 626: 0.000001167 0.000185000 0.000202750 0.000161292 0.000149125 0.000196000
Iteration 627: 0.000001208 0.000150167 0.000133791 0.000159458 0.000113042 0.000323833
Iteration 628: 0.000001208 0.000188916 0.000166792 0.000139542 0.000165875 0.000219791
Iteration 629: 0.000009458 0.000158833 0.000146750 0.000125584 0.000130084 0.000321875
Iteration 630: 0.000001250 0.000141250 0.000153083 0.000167667 0.000140584 0.000279083
Iteration 631: 0.000001291 0.000124500 0.000207083 0.000217458 0.000200375 0.000133708
Iteration 632: 0.000001166 0.000197167 0.000161834 0.000139916 0.000135833 0.000239167
Iteration 633: 0.000001250 0.000131083 0.000209000 0.000176250 0.000171917 0.000188708
Iteration 634: 0.000001291 0.000118375 0.000206125 0.000113333 0.000161208 0.000282750
Iteration 635: 0.000001167 0.000215125 0.000191750 0.000116583 0.000183292 0.000173542
Iteration 636: 0.000001208 0.000199125 0.000173750 0.000158958 0.000166417 0.000184834
Iteration 637: 0.000001209 0.000150959 0.000212167 0.000140667 0.000147875 0.000228750
Iteration 638: 0.000001208 0.000172709 0.000192375 0.000176958 0.000168500 0.000179042
Iteration 639: 0.000001167 0.000171041 0.000186375 0.000208292 0.000187666 0.000133458
Iteration 640: 0.000001291 0.000194334 0.000151625 0.000163000 0.000221208 0.000156667
Iteration 641: 0.000001209 0.000217500 0.000116917 0.000202042 0.000117791 0.000231875
Iteration 642: 0.000001333 0.000149750 0.000200458 0.000191375 0.000129625 0.000212167
Iteration 643: 0.000001167 0.000199875 0.000160459 0.000212292 0.000192875 0.000107541
Iteration 644: 0.000001167 0.000208208 0.000141833 0.000168041 0.000200500 0.000177666
Iteration 645: 0.000001166 0.000218208 0.000211458 0.000215375 0.000119791 0.000123542
Iteration 646: 0.000001167 0.000112583 0.000204083 0.000190583 0.000173791 0.000206792
Iteration 647: 0.000001292 0.000129041 0.000161708 0.000153000 0.000121875 0.000317708
Iteration 648: 0.000001167 0.000163000 0.000209208 0.000133708 0.000172458 0.000200750
Iteration 649: 0.000001250 0.000182000 0.000161958 0.000192083 0.000113208 0.000237209
Iteration 650: 0.000001167 0.000204375 0.000141416 0.000166458 0.000178042 0.000198209
Iteration 651: 0.000001250 0.000164792 0.000192542 0.000143458 0.000206375 0.000184083
Iteration 652: 0.000001166 0.000136333 0.000173042 0.000138417 0.000132833 0.000300417
Iteration 653: 0.000001250 0.000208375 0.000177958 0.000116542 0.000144375 0.000235916
Iteration 654: 0.000001292 0.000199125 0.000159959 0.000121208 0.000188042 0.000222458
Iteration 655: 0.000001166 0.000112500 0.000175500 0.000146542 0.000172125 0.000283625
Iteration 656: 0.000001167 0.000167875 0.000178084 0.000161667 0.000112000 0.000251291
Iteration 657: 0.000001167 0.000197209 0.000150834 0.000196459 0.000168417 0.000157958
Iteration 658: 0.000001333 0.000209667 0.000179291 0.000173500 0.000172625 0.000149625
Iteration 659: 0.000001292 0.000206041 0.000208417 0.000189125 0.000213208 0.000067916
Iteration 660: 0.000001167 0.000193000 0.000197083 0.000160375 0.000207917 0.000192500
Iteration 661: 0.000002041 0.000214167 0.000197125 0.000146791 0.000126083 0.000195167
Iteration 662: 0.000001208 0.000192792 0.000165250 0.000168875 0.000173083 0.000157458
Iteration 663: 0.000001125 0.000149458 0.000107583 0.000161041 0.000135709 0.000319541
Iteration 664: 0.000001166 0.000115792 0.000171583 0.000107958 0.000153208 0.000298875
Iteration 665: 0.000001125 0.000169208 0.000135458 0.000179792 0.000123917 0.000261875
Iteration 666: 0.000001167 0.000134291 0.000166458 0.000132708 0.000197250 0.000220666
Iteration 667: 0.000001167 0.000116000 0.000109917 0.000167750 0.000160250 0.000290833
Iteration 668: 0.000001208 0.000131416 0.000203583 0.000110209 0.000180666 0.000226208
Iteration 669: 0.000001167 0.000144625 0.000188167 0.000165208 0.000121083 0.000235667
Iteration 670: 0.000001250 0.000171000 0.000123584 0.000197834 0.000172125 0.000185334
Iteration 671: 0.000001292 0.000187291 0.000166000 0.000137708 0.000141458 0.000220917
Iteration 672: 0.000001209 0.000128167 0.000177916 0.000147375 0.000160292 0.000231416
Iteration 673: 0.000001209 0.000132959 0.000111334 0.000160583 0.000138459 0.000320708
Iteration 674: 0.000001500 0.000186167 0.000172291 0.000111625 0.000194916 0.000213084
Iteration 675: 0.000001208 0.000216500 0.000116000 0.000132416 0.000116583 0.000296875
Iteration 676: 0.000001250 0.000214584 0.000201042 0.000197250 0.000117834 0.000144041
Iteration 677: 0.000001292 0.000139459 0.000179792 0.000184333 0.000119292 0.000257666
Iteration 678: 0.000001208 0.000172792 0.000203833 0.000183458 0.000209208 0.000116000
Iteration 679: 0.000001375 0.000180334 0.000164292 0.000195208 0.000169667 0.000170583
Iteration 680: 0.000001291 0.000148250 0.000148625 0.000195458 0.000164500 0.000216917
Iteration 681: 0.000001250 0.000113542 0.000182542 0.000151791 0.000175875 0.000252667
Iteration 682: 0.000001208 0.000157667 0.000119167 0.000143750 0.000167417 0.000285875
Iteration 683: 0.000001208 0.000176833 0.000115250 0.000181917 0.000160417 0.000239125
Iteration 684: 0.000001250 0.000190750 0.000186459 0.000182459 0.000179625 0.000182875
Iteration 685: 0.000001875 0.000197834 0.000214208 0.000155083 0.000207875 0.000098542
Iteration 686: 0.000001208 0.000143708 0.000131625 0.000129959 0.000175041 0.000304334
Iteration 687: 0.000001292 0.000190916 0.000169250 0.000115041 0.000114292 0.000285541
Iteration 688: 0.000001167 0.000120500 0.000124708 0.000212250 0.000197042 0.000226250
Iteration 689: 0.000001333 0.000206500 0.000154709 0.000141750 0.000159292 0.000258792
Iteration 690: 0.000001209 0.000153833 0.000123416 0.000151333 0.000116042 0.000338958
Iteration 691: 0.000001292 0.000192250 0.000122042 0.000213125 0.000144042 0.000202209
Iteration 692: 0.000001208 0.000212250 0.000191125 0.000180208 0.000186916 0.000126458
Iteration 693: 0.000001291 0.000198083 0.000169541 0.000130167 0.000146417 0.000235042
Iteration 694: 0.000001333 0.000115083 0.000138333 0.000129959 0.000128334 0.000368667
Iteration 695: 0.000001333 0.000197083 0.000124542 0.000210209 0.000193958 0.000156625
Iteration 696: 0.000001291 0.000145459 0.000141875 0.000144292 0.000122709 0.000341958
Iteration 697: 0.000001166 0.000207708 0.000172000 0.000153208 0.000117458 0.000240875
Iteration 698: 0.000001167 0.000114959 0.000247417 0.000138458 0.000114917 0.000314208
Iteration 699: 0.000001417 0.000150375 0.000207042 0.000131042 0.000146166 0.000249959
Iteration 700: 0.000001167 0.000273042 0.000234458 0.000140208 0.000112209 0.000306166
Iteration 701: 0.000001875 0.000125208 0.000113916 0.000122167 0.000131959 0.000392291
Iteration 702: 0.000001250 0.000112333 0.000149875 0.000202458 0.000197083 0.000213541
Iteration 703: 0.000001208 0.000172416 0.000141250 0.000212750 0.000140667 0.000208042
Iteration 704: 0.000001209 0.000207209 0.000204709 0.000132834 0.000181084 0.000176834
Iteration 705: 0.000001209 0.000136917 0.000122292 0.000210542 0.000183584 0.000218250
Iteration 706: 0.000001292 0.000163541 0.000204875 0.000187875 0.000157250 0.000158292
Iteration 707: 0.000001333 0.000187667 0.000168458 0.000133792 0.000154875 0.000248459
Iteration 708: 0.000001375 0.000203500 0.000172916 0.000170834 0.000140292 0.000188875
Iteration 709: 0.000001209 0.000157625 0.000185833 0.000188375 0.000175291 0.000170291
Iteration 710: 0.000001291 0.000190333 0.000174458 0.000239458 0.000174084 0.000156125
Iteration 711: 0.000001291 0.000137291 0.000197834 0.000209459 0.000164791 0.000167958
Iteration 712: 0.000001291 0.000205000 0.000139709 0.000184875 0.000195791 0.000186125
Iteration 713: 0.000001500 0.000216375 0.000214000 0.000131292 0.000176041 0.000150792
Iteration 714: 0.000001209 0.000116125 0.000146208 0.000120792 0.000112042 0.000390625
Iteration 715: 0.000001291 0.000164583 0.000188917 0.000161042 0.000192291 0.000169584
Iteration 716: 0.000001292 0.000200541 0.000131166 0.000128292 0.000213666 0.000201250
Iteration 717: 0.000001166 0.000157667 0.000114125 0.000148042 0.000197709 0.000255417
Iteration 718: 0.000001250 0.000209667 0.000203959 0.000137000 0.000188542 0.000130208
Iteration 719: 0.000001167 0.000161833 0.000200125 0.000176834 0.000184750 0.000124041
Iteration 720: 0.000001125 0.000118625 0.000184959 0.000123959 0.000138125 0.000318709
Iteration 721: 0.000001917 0.000195917 0.000128542 0.000143542 0.000185416 0.000225125
Iteration 722: 0.000001250 0.000117750 0.000205209 0.000164459 0.000159792 0.000227500
Iteration 723: 0.000001167 0.000137917 0.000189042 0.000182875 0.000210500 0.000166958
Iteration 724: 0.000001166 0.000170333 0.000113000 0.000208834 0.000163292 0.000232625
Iteration 725: 0.000001292 0.000114875 0.000186583 0.000183208 0.000114250 0.000283709
Iteration 726: 0.000001167 0.000160459 0.000129125 0.000197708 0.000183041 0.000236291
Iteration 727: 0.000001292 0.000200583 0.000204250 0.000202208 0.000187792 0.000081625
Iteration 728: 0.000001250 0.000174708 0.000155042 0.000163250 0.000142583 0.000238500
Iteration 729: 0.000001208 0.000186792 0.000186000 0.000187916 0.000167375 0.000150584
Iteration 730: 0.000001291 0.000156958 0.000171959 0.000207792 0.000190750 0.000155833
Iteration 731: 0.000001167 0.000167166 0.000148083 0.000120250 0.000154709 0.000310208
Iteration 732: 0.000006167 0.000134584 0.000206125 0.000192333 0.000118250 0.000228000
Iteration 733: 0.000001208 0.000128083 0.000144958 0.000133666 0.000121000 0.000359334
Iteration 734: 0.000001208 0.000127750 0.000213875 0.000112375 0.000120500 0.000286500
Iteration 735: 0.000001167 0.000186500 0.000115000 0.000192417 0.000186542 0.000171375
Iteration 736: 0.000001125 0.000176459 0.000161042 0.000167834 0.000121834 0.000257375
Iteration 737: 0.000001167 0.000202750 0.000139625 0.000161333 0.000163916 0.000213708
Iteration 738: 0.000001166 0.000126875 0.000164959 0.000201417 0.000201583 0.000185625
Iteration 739: 0.000001209 0.000136250 0.000133417 0.000161167 0.000166000 0.000317541
Iteration 740: 0.000002083 0.000111875 0.000153125 0.000153375 0.000189500 0.000266458
Iteration 741: 0.000001208 0.000180250 0.000174958 0.000196000 0.000116500 0.000199542
Iteration 742: 0.000001250 0.000189667 0.000187583 0.000200833 0.000157875 0.000119250
Iteration 743: 0.000001166 0.000129709 0.000111958 0.000117000 0.000138958 0.000350708
Iteration 744: 0.000001167 0.000116208 0.000196542 0.000155000 0.000161292 0.000270667
Iteration 745: 0.000001958 0.000214875 0.000158667 0.000190917 0.000198750 0.000132167
Iteration 746: 0.000001208 0.000185542 0.000146625 0.000207125 0.000143750 0.000204042
Iteration 747: 0.000001167 0.000126291 0.000142500 0.000182125 0.000189708 0.000258167
Iteration 748: 0.000001250 0.000190875 0.000208417 0.000207708 0.000122625 0.000152125
Iteration 749: 0.000001250 0.000155833 0.000169500 0.000181208 0.000111917 0.000277291
Iteration 750: 0.000001666 0.000172500 0.000190917 0.000114125 0.000148334 0.000238041
Iteration 751: 0.000001209 0.000174041 0.000145083 0.000177000 0.000211792 0.000169917
Iteration 752: 0.000001250 0.000207959 0.000142584 0.000211417 0.000188125 0.000147791
Iteration 753: 0.000001625 0.000140083 0.000173250 0.000155916 0.000154792 0.000245917
Iteration 754: 0.000001167 0.000130500 0.000120375 0.000208833 0.000136458 0.000274833
Iteration 755: 0.000001166 0.000188750 0.000182292 0.000143042 0.000176417 0.000185166
Iteration 756: 0.000001292 0.000127000 0.000208333 0.000155708 0.000161625 0.000288084
Iteration 757: 0.000002500 0.000139166 0.000200625 0.000182667 0.000209500 0.000116750
Iteration 758: 0.000001166 0.000145000 0.000121541 0.000184958 0.000113292 0.000319708
Iteration 759: 0.000001750 0.000175333 0.000206375 0.000184209 0.000172042 0.000149959
Iteration 760: 0.000001417 0.000155333 0.000201083 0.000115917 0.000192250 0.000200459
Iteration 761: 0.000001542 0.000166000 0.000113000 0.000127500 0.000123500 0.000319875
Iteration 762: 0.000001375 0.000200041 0.000206917 0.000175166 0.000126000 0.000155334
Iteration 763: 0.000001167 0.000161250 0.000171208 0.000160667 0.000132000 0.000235542
Iteration 764: 0.000001208 0.000118084 0.000136750 0.000215250 0.000113584 0.000293041
Iteration 765: 0.000001167 0.000179375 0.000117292 0.000163250 0.000156750 0.000258125
Iteration 766: 0.000001208 0.000217083 0.000188916 0.000161875 0.000124208 0.000185458
Iteration 767: 0.000001292 0.000133625 0.000140459 0.000174500 0.000183167 0.000243167
Iteration 768: 0.000001292 0.000205292 0.000158625 0.000114334 0.000155334 0.000238375
Iteration 769: 0.000001209 0.000145834 0.000192084 0.000146917 0.000153458 0.000251750
Iteration 770: 0.000001209 0.000131125 0.000160375 0.000162041 0.000126334 0.000344500
Iteration 771: 0.000001167 0.000126667 0.000196667 0.000182166 0.000119541 0.000268334
Iteration 772: 0.000001750 0.000172875 0.000115834 0.000170500 0.000168167 0.000234958
Iteration 773: 0.000001208 0.000151083 0.000112166 0.000205417 0.000167208 0.000216583
Iteration 774: 0.000001166 0.000158708 0.000202292 0.000191125 0.000193917 0.000105416
Iteration 775: 0.000001167 0.000135458 0.000111916 0.000128250 0.000138458 0.000354708
Iteration 776: 0.000001166 0.000175917 0.000127292 0.000150125 0.000187916 0.000219250
Iteration 777: 0.000001125 0.000191333 0.000111416 0.000154583 0.000130583 0.000267084
Iteration 778: 0.000001167 0.000112333 0.000142125 0.000207125 0.000165667 0.000247416
Iteration 779: 0.000001167 0.000129125 0.000116708 0.000135958 0.000129125 0.000341000
Iteration 780: 0.000001125 0.000177917 0.000129250 0.000169041 0.000174583 0.000208042
Iteration 781: 0.000001166 0.000200875 0.000168333 0.000197000 0.000178333 0.000108125
Iteration 782: 0.000001250 0.000156666 0.000152292 0.000159083 0.000121833 0.000256625
Iteration 783: 0.000001208 0.000176708 0.000206875 0.000159792 0.000217208 0.000202792
Iteration 784: 0.000001875 0.000126208 0.000145583 0.000190000 0.000203417 0.000248583
Iteration 785: 0.000001292 0.000157625 0.000112083 0.000199917 0.000132125 0.000287250
Iteration 786: 0.000001375 0.000112916 0.000153708 0.000174708 0.000173000 0.000266583
Iteration 787: 0.000001208 0.000188209 0.000124875 0.000135084 0.000192625 0.000230291
Iteration 788: 0.000001167 0.000182417 0.000194167 0.000139292 0.000172166 0.000215417
Iteration 789: 0.000001209 0.000173458 0.000161583 0.000228167 0.000178750 0.000180042
Iteration 790: 0.000001166 0.000197083 0.000164250 0.000177750 0.000112041 0.000217083
Iteration 791: 0.000001667 0.000163291 0.000126958 0.000196125 0.000121958 0.000238375
Iteration 792: 0.000001167 0.000188708 0.000199125 0.000192458 0.000125125 0.000143625
Iteration 793: 0.000001166 0.000141167 0.000137333 0.000185375 0.000176375 0.000212875
Iteration 794: 0.000001125 0.000163208 0.000205875 0.000205167 0.000116667 0.000216000
Iteration 795: 0.000001542 0.000175875 0.000212834 0.000131292 0.000228250 0.000173417
Iteration 796: 0.000001208 0.000211542 0.000198167 0.000113583 0.000140875 0.000243791
Iteration 797: 0.000001333 0.000195500 0.000126208 0.000148000 0.000129250 0.000272791
Iteration 798: 0.000001292 0.000143292 0.000134333 0.000163083 0.000206000 0.000229833
Iteration 799: 0.000001208 0.000119708 0.000183916 0.000149584 0.000179916 0.000249542
Iteration 800: 0.000001292 0.000131917 0.000172084 0.000124250 0.000145792 0.000296667
Iteration 801: 0.000001167 0.000196500 0.000140583 0.000137083 0.000124625 0.000271625
Iteration 802: 0.000001209 0.000195458 0.000193125 0.000171125 0.000140291 0.000189834
Iteration 803: 0.000001167 0.000159042 0.000171166 0.000220500 0.000205250 0.000130375
Iteration 804: 0.000001209 0.000148250 0.000159458 0.000208083 0.000118541 0.000247875
Iteration 805: 0.000001500 0.000120917 0.000162750 0.000111708 0.000214208 0.000305667
Iteration 806: 0.000001875 0.000163375 0.000112750 0.000209583 0.000117000 0.000303208
Iteration 807: 0.000001333 0.000174792 0.000145875 0.000200667 0.000161291 0.000165417
Iteration 808: 0.000001125 0.000165666 0.000118750 0.000182958 0.000198541 0.000170542
Iteration 809: 0.000001125 0.000144042 0.000117500 0.000170792 0.000112292 0.000301333
Iteration 810: 0.000001083 0.000145709 0.000143750 0.000195875 0.000139625 0.000219250
Iteration 811: 0.000001125 0.000166875 0.000196250 0.000130750 0.000189459 0.000179583
Iteration 812: 0.000001250 0.000119541 0.000193250 0.000124292 0.000215042 0.000217583
Iteration 813: 0.000001167 0.000125750 0.000144666 0.000180042 0.000153333 0.000258958
Iteration 814: 0.000001166 0.000199292 0.000132375 0.000188000 0.000181208 0.000161000
Iteration 815: 0.000001208 0.000196417 0.000124375 0.000147667 0.000133792 0.000247667
Iteration 816: 0.000001084 0.000140375 0.000127208 0.000108750 0.000162458 0.000293958
Iteration 817: 0.000001208 0.000175500 0.000195000 0.000184375 0.000199292 0.000178875
Iteration 818: 0.000002542 0.000173417 0.000168167 0.000195250 0.000165541 0.000191583
Iteration 819: 0.000001208 0.000179000 0.000165750 0.000216917 0.000182166 0.000152375
Iteration 820: 0.000002250 0.000191875 0.000115375 0.000154208 0.000194500 0.000246833
Iteration 821: 0.000001250 0.000230750 0.000118708 0.000132542 0.000214291 0.000225209
Iteration 822: 0.000002125 0.000188792 0.000169667 0.000166292 0.000165791 0.000173667
Iteration 823: 0.000001125 0.000153084 0.000212542 0.000112666 0.000193000 0.000194375
Iteration 824: 0.000001208 0.000181875 0.000195041 0.000198875 0.000190000 0.000105583
Iteration 825: 0.000001166 0.000194125 0.000118375 0.000139833 0.000199125 0.000206833
Iteration 826: 0.000001208 0.000165917 0.000131542 0.000169291 0.000146750 0.000264375
Iteration 827: 0.000001250 0.000142334 0.000180166 0.000142958 0.000108917 0.000264416
Iteration 828: 0.000001125 0.000134125 0.000117250 0.000111833 0.000176750 0.000377333
Iteration 829: 0.000003000 0.000130083 0.000145625 0.000194459 0.000222292 0.000221542
Iteration 830: 0.000001334 0.000125917 0.000116042 0.000123583 0.000151917 0.000400750
Iteration 831: 0.000001166 0.000193542 0.000159792 0.000190000 0.000201917 0.000104041
Iteration 832: 0.000001333 0.000199083 0.000118917 0.000113625 0.000143917 0.000291459
Iteration 833: 0.000001209 0.000152791 0.000179667 0.000110041 0.000152292 0.000266333
Iteration 834: 0.000001166 0.000149083 0.000157417 0.000141000 0.000148375 0.000262375
Iteration 835: 0.000001208 0.000146333 0.000146375 0.000172708 0.000109375 0.000289875
Iteration 836: 0.000001167 0.000134375 0.000170917 0.000154791 0.000132042 0.000270291
Iteration 837: 0.000001125 0.000149084 0.000156834 0.000199292 0.000183958 0.000174583
Iteration 838: 0.000001166 0.000174167 0.000123084 0.000153500 0.000198000 0.000196958
Iteration 839: 0.000001125 0.000109833 0.000143542 0.000110542 0.000154458 0.000349208
Iteration 840: 0.000002375 0.000190625 0.000147416 0.000134500 0.000121500 0.000332583
Iteration 841: 0.000001334 0.000119042 0.000136834 0.000173792 0.000110833 0.000329250
Iteration 842: 0.000001208 0.000197708 0.000134791 0.000166750 0.000167333 0.000194208
Iteration 843: 0.000001167 0.000212791 0.000208791 0.000168000 0.000176375 0.000117833
Iteration 844: 0.000001166 0.000154083 0.000158708 0.000212167 0.000197417 0.000168250
Iteration 845: 0.000001167 0.000114791 0.000144167 0.000218375 0.000156208 0.000254667
Iteration 846: 0.000001167 0.000217542 0.000166334 0.000130709 0.000171625 0.000253292
Iteration 847: 0.000001209 0.000114875 0.000217875 0.000193541 0.000180250 0.000186541
Iteration 848: 0.000001209 0.000193875 0.000121166 0.000120750 0.000167208 0.000279833
Iteration 849: 0.000001208 0.000164750 0.000209625 0.000146000 0.000197750 0.000184750
Iteration 850: 0.000001292 0.000154125 0.000207250 0.000135209 0.000185458 0.000242042
Iteration 851: 0.000001792 0.000207500 0.000208875 0.000155417 0.000114708 0.000182166
Iteration 852: 0.000001291 0.000118250 0.000182458 0.000174083 0.000193250 0.000197166
Iteration 853: 0.000001167 0.000160250 0.000137625 0.000134833 0.000190500 0.000240208
Iteration 854: 0.000001167 0.000170125 0.000137917 0.000213500 0.000172916 0.000200833
Iteration 855: 0.000001209 0.000126750 0.000133875 0.000130792 0.000165333 0.000330542
Iteration 856: 0.000002375 0.000206958 0.000214833 0.000201542 0.000159375 0.000109500
Iteration 857: 0.000001167 0.000212000 0.000211750 0.000122417 0.000168667 0.000177542
Iteration 858: 0.000001250 0.000261459 0.000207875 0.000147750 0.000126458 0.000219625
Iteration 859: 0.000001667 0.000201459 0.000230833 0.000185042 0.000204416 0.000073750
Iteration 860: 0.000001834 0.000128083 0.000148875 0.000140625 0.000197542 0.000304708
Iteration 861: 0.000001209 0.000144959 0.000152875 0.000155917 0.000171917 0.000278000
Iteration 862: 0.000001250 0.000189000 0.000164833 0.000190833 0.000166750 0.000171208
Iteration 863: 0.000001166 0.000260375 0.000161542 0.000172916 0.000166750 0.000210292
Iteration 864: 0.000001208 0.000131417 0.000161792 0.000149083 0.000190417 0.000308166
Iteration 865: 0.000001208 0.000192833 0.000164917 0.000122667 0.000195875 0.000212958
Iteration 866: 0.000001166 0.000191250 0.000166625 0.000131750 0.000139125 0.000255667
Iteration 867: 0.000002125 0.000207041 0.000205250 0.000140292 0.000206750 0.000189708
Iteration 868: 0.000001666 0.000198208 0.000182875 0.000205042 0.000123042 0.000164291
Iteration 869: 0.000001083 0.000112792 0.000125792 0.000196583 0.000194125 0.000207625
Iteration 870: 0.000001125 0.000122292 0.000166833 0.000159791 0.000194000 0.000203417
Iteration 871: 0.000001083 0.000123833 0.000137041 0.000137667 0.000142292 0.000305250
Iteration 872: 0.000001125 0.000178292 0.000182083 0.000173250 0.000149541 0.000155417
Iteration 873: 0.000001166 0.000187959 0.000120334 0.000168834 0.000117666 0.000245834
Iteration 874: 0.000001125 0.000193458 0.000178667 0.000196416 0.000111042 0.000163750
Iteration 875: 0.000001084 0.000119917 0.000193875 0.000199250 0.000198209 0.000127416
Iteration 876: 0.000001125 0.000161833 0.000108708 0.000134208 0.000186667 0.000239875
Iteration 877: 0.000001125 0.000158541 0.000146750 0.000139000 0.000168250 0.000226542
Iteration 878: 0.000001125 0.000109708 0.000152833 0.000140125 0.000132709 0.000309792
Iteration 879: 0.000002541 0.000134875 0.000180583 0.000162334 0.000181792 0.000245416
Iteration 880: 0.000002750 0.000239042 0.000194667 0.000207917 0.000118459 0.000164833
Iteration 881: 0.000001167 0.000213042 0.000154708 0.000181083 0.000173666 0.000167875
Iteration 882: 0.000001208 0.000140375 0.000137250 0.000197541 0.000114125 0.000307125
Iteration 883: 0.000001209 0.000163916 0.000155500 0.000147584 0.000174416 0.000246667
Iteration 884: 0.000001166 0.000124625 0.000202750 0.000208416 0.000171083 0.000183333
Iteration 885: 0.000001166 0.000174334 0.000185334 0.000194041 0.000167750 0.000160208
Iteration 886: 0.000001459 0.000133500 0.000174792 0.000155458 0.000110792 0.000287584
Iteration 887: 0.000001209 0.000166292 0.000130541 0.000116042 0.000139792 0.000318250
Iteration 888: 0.000001166 0.000163458 0.000177333 0.000183375 0.000138375 0.000201333
Iteration 889: 0.000001167 0.000172084 0.000118459 0.000162625 0.000160375 0.000302709
Iteration 890: 0.000001125 0.000180042 0.000113792 0.000207875 0.000254959 0.000155208
Iteration 891: 0.000001459 0.000130750 0.000139958 0.000197209 0.000177375 0.000243125
Iteration 892: 0.000001250 0.000145792 0.000192084 0.000155875 0.000139916 0.000259083
Iteration 893: 0.000001208 0.000193542 0.000148792 0.000147417 0.000193666 0.000210875
Iteration 894: 0.000001250 0.000158375 0.000189834 0.000120292 0.000126750 0.000302584
Iteration 895: 0.000001209 0.000120666 0.000141083 0.000212208 0.000194583 0.000210708
Iteration 896: 0.000001417 0.000149708 0.000110875 0.000148708 0.000139541 0.000291292
Iteration 897: 0.000001125 0.000135917 0.000107750 0.000189834 0.000188375 0.000242709
Iteration 898: 0.000001167 0.000151708 0.000195917 0.000182584 0.000123208 0.000183375
Iteration 899: 0.000001208 0.000168500 0.000134750 0.000157417 0.000138417 0.000243750
Iteration 900: 0.000001042 0.000141583 0.000107458 0.000168333 0.000186542 0.000232708
Iteration 901: 0.000001125 0.000173541 0.000169625 0.000212833 0.000189542 0.000098833
Iteration 902: 0.000001125 0.000222000 0.000234000 0.000135792 0.000212833 0.000127000
Iteration 903: 0.000001750 0.000132708 0.000168416 0.000197542 0.000157459 0.000251542
Iteration 904: 0.000001167 0.000117958 0.000136541 0.000199875 0.000169500 0.000271042
Iteration 905: 0.000001208 0.000187375 0.000199292 0.000158958 0.000166125 0.000191083
Iteration 906: 0.000001250 0.000149958 0.000118625 0.000117291 0.000170958 0.000326500
Iteration 907: 0.000001208 0.000267625 0.000237042 0.000163166 0.000218083 0.000115000
Iteration 908: 0.000001167 0.000218041 0.000182250 0.000164792 0.000146958 0.000179208
Iteration 909: 0.000001250 0.000162916 0.000192791 0.000199125 0.000169833 0.000160458
Iteration 910: 0.000001166 0.000212000 0.000123041 0.000185292 0.000237875 0.000159250
Iteration 911: 0.000001208 0.000132542 0.000148750 0.000189166 0.000135333 0.000284750
Iteration 912: 0.000001208 0.000213167 0.000183667 0.000144167 0.000119416 0.000224458
Iteration 913: 0.000001208 0.000141875 0.000224667 0.000218667 0.000170792 0.000148000
Iteration 914: 0.000001250 0.000181834 0.000132625 0.000150458 0.000175875 0.000250541
Iteration 915: 0.000001250 0.000176000 0.000153875 0.000218250 0.000177708 0.000165125
Iteration 916: 0.000001209 0.000147292 0.000157333 0.000213459 0.000170417 0.000226666
Iteration 917: 0.000001166 0.000122375 0.000117041 0.000186708 0.000142500 0.000320750
Iteration 918: 0.000001250 0.000174208 0.000155667 0.000177042 0.000179458 0.000197541
Iteration 919: 0.000001167 0.000213125 0.000160333 0.000210167 0.000147666 0.000160583
Iteration 920: 0.000001208 0.000160750 0.000190750 0.000130500 0.000137417 0.000275625
Iteration 921: 0.000001208 0.000212584 0.000163792 0.000191084 0.000195250 0.000121792
Iteration 922: 0.000001167 0.000210666 0.000215417 0.000180583 0.000170917 0.000115042
Iteration 923: 0.000001167 0.000214167 0.000196584 0.000115542 0.000111708 0.000247500
Iteration 924: 0.000002292 0.000186166 0.000174458 0.000125583 0.000142917 0.000271208
Iteration 925: 0.000001208 0.000205166 0.000186459 0.000210000 0.000170167 0.000153250
Iteration 926: 0.000001208 0.000140792 0.000197125 0.000189875 0.000205500 0.000176708
Iteration 927: 0.000001167 0.000167209 0.000178500 0.000133792 0.000202834 0.000213209
Iteration 928: 0.000001167 0.000154875 0.000132250 0.000173916 0.000202417 0.000233875
Iteration 929: 0.000001208 0.000211625 0.000134375 0.000200542 0.000182792 0.000164375
Iteration 930: 0.000003125 0.000136958 0.000181417 0.000164125 0.000121791 0.000312375
Iteration 931: 0.000001167 0.000159125 0.000201250 0.000166709 0.000180209 0.000193709
Iteration 932: 0.000001167 0.000203583 0.000148333 0.000173291 0.000169875 0.000196833
Iteration 933: 0.000001166 0.000219750 0.000184833 0.000173750 0.000221209 0.000106292
Iteration 934: 0.000001166 0.000157708 0.000180708 0.000187000 0.000156834 0.000227500
Iteration 935: 0.000004041 0.000172709 0.000177792 0.000147458 0.000135333 0.000273292
Iteration 936: 0.000001166 0.000191542 0.000156959 0.000206625 0.000188875 0.000146958
Iteration 937: 0.000001208 0.000183250 0.000203333 0.000202416 0.000188000 0.000128791
Iteration 938: 0.000001208 0.000200167 0.000159500 0.000147541 0.000169708 0.000208333
Iteration 939: 0.000001167 0.000159250 0.000113208 0.000182208 0.000149125 0.000284375
Iteration 940: 0.000001291 0.000197083 0.000181000 0.000122292 0.000188000 0.000196083
Iteration 941: 0.000001166 0.000155917 0.000153958 0.000131875 0.000133458 0.000317125
Iteration 942: 0.000001166 0.000197708 0.000134041 0.000185750 0.000148416 0.000229375
Iteration 943: 0.000001167 0.000147417 0.000116625 0.000157709 0.000190959 0.000286583
Iteration 944: 0.000001167 0.000113208 0.000223708 0.000165375 0.000208334 0.000180875
Iteration 945: 0.000001166 0.000144167 0.000165875 0.000200041 0.000216583 0.000163417
Iteration 946: 0.000001292 0.000191792 0.000219750 0.000226416 0.000206792 0.000076917
Iteration 947: 0.000002250 0.000193792 0.000164375 0.000171708 0.000138042 0.000214875
Iteration 948: 0.000001250 0.000186417 0.000204959 0.000183959 0.000210584 0.000118459
Iteration 949: 0.000001209 0.000162625 0.000157875 0.000180709 0.000187459 0.000218042
Iteration 950: 0.000001167 0.000134292 0.000215291 0.000173292 0.000148375 0.000231084
Iteration 951: 0.000001208 0.000129041 0.000186042 0.000143584 0.000113000 0.000289834
Iteration 952: 0.000001167 0.000173666 0.000132583 0.000159750 0.000113875 0.000335166
Iteration 953: 0.000001125 0.000121375 0.000120500 0.000127750 0.000161458 0.000368750
Iteration 954: 0.000001209 0.000152166 0.000163708 0.000147875 0.000203041 0.000205792
Iteration 955: 0.000001167 0.000188208 0.000187958 0.000148167 0.000160459 0.000182250
Iteration 956: 0.000001167 0.000145125 0.000115500 0.000164917 0.000161916 0.000283584
Iteration 957: 0.000001250 0.000141000 0.000137583 0.000150083 0.000145291 0.000321084
Iteration 958: 0.000001208 0.000179042 0.000192125 0.000135625 0.000137459 0.000250000
Iteration 959: 0.000001167 0.000145917 0.000147667 0.000201875 0.000201542 0.000207500
Iteration 960: 0.000001208 0.000127875 0.000205708 0.000209875 0.000166125 0.000195750
Iteration 961: 0.000001291 0.000135542 0.000150250 0.000205084 0.000146083 0.000260875
Iteration 962: 0.000001208 0.000168791 0.000118917 0.000126084 0.000186334 0.000319500
Iteration 963: 0.000001125 0.000212375 0.000208959 0.000179709 0.000165875 0.000098292
Iteration 964: 0.000001125 0.000195584 0.000186292 0.000184333 0.000126958 0.000169792
Iteration 965: 0.000001167 0.000121791 0.000140750 0.000143083 0.000206500 0.000246666
Iteration 966: 0.000001125 0.000136458 0.000115083 0.000114750 0.000130541 0.000407458
Iteration 967: 0.000001167 0.000206542 0.000192291 0.000185167 0.000166750 0.000126584
Iteration 968: 0.000001167 0.000174208 0.000206125 0.000123916 0.000177625 0.000212000
Iteration 969: 0.000001166 0.000124500 0.000150958 0.000131375 0.000189667 0.000297916
Iteration 970: 0.000001208 0.000193750 0.000155542 0.000217916 0.000144792 0.000181417
Iteration 971: 0.000001166 0.000241583 0.000202958 0.000174583 0.000124458 0.000209583
Iteration 972: 0.000001208 0.000221417 0.000148292 0.000148500 0.000144792 0.000255666
Iteration 973: 0.000001208 0.000178750 0.000216167 0.000169458 0.000145750 0.000185000
Iteration 974: 0.000001166 0.000224625 0.000187750 0.000197167 0.000197709 0.000061750
Iteration 975: 0.000001833 0.000109875 0.000140000 0.000113375 0.000206250 0.000278041
Iteration 976: 0.000001125 0.000204667 0.000177875 0.000205375 0.000163958 0.000089375
Iteration 977: 0.000001084 0.000107209 0.000109584 0.000172959 0.000200250 0.000285209
Iteration 978: 0.000001125 0.000171416 0.000165041 0.000164500 0.000143583 0.000195250
Iteration 979: 0.000001125 0.000183042 0.000168375 0.000154875 0.000139583 0.000213042
Iteration 980: 0.000001209 0.000150833 0.000123667 0.000206709 0.000133541 0.000245167
Iteration 981: 0.000001166 0.000148500 0.000151917 0.000136666 0.000180208 0.000245583
Iteration 982: 0.000001125 0.000166291 0.000196167 0.000193209 0.000173708 0.000137167
Iteration 983: 0.000001209 0.000175708 0.000180750 0.000113458 0.000153958 0.000237291
Iteration 984: 0.000001166 0.000130792 0.000167167 0.000202333 0.000148500 0.000185042
Iteration 985: 0.000001125 0.000154416 0.000168458 0.000155500 0.000227750 0.000191750
Iteration 986: 0.000001791 0.000131167 0.000167708 0.000117750 0.000140041 0.000369084
Iteration 987: 0.000002416 0.000137625 0.000144209 0.000192625 0.000123167 0.000298834
Iteration 988: 0.000001208 0.000129334 0.000217125 0.000141458 0.000216458 0.000201000
Iteration 989: 0.000001417 0.000131542 0.000140500 0.000119500 0.000200500 0.000303000
Iteration 990: 0.000001167 0.000136375 0.000183500 0.000117125 0.000156166 0.000307875
Iteration 991: 0.000001209 0.000148458 0.000165375 0.000110125 0.000118750 0.000346833
Iteration 992: 0.000001291 0.000193959 0.000138041 0.000185333 0.000163833 0.000180292
Iteration 993: 0.000001166 0.000166709 0.000206708 0.000146875 0.000114750 0.000236458
Iteration 994: 0.000001166 0.000134833 0.000125375 0.000195250 0.000129584 0.000276875
Iteration 995: 0.000001167 0.000163000 0.000156250 0.000184542 0.000186334 0.000175167
Iteration 996: 0.000001208 0.000172292 0.000220125 0.000133000 0.000150750 0.000245791
Iteration 997: 0.000004125 0.000126584 0.000136292 0.000175333 0.000152041 0.000278125
Iteration 998: 0.000001166 0.000166917 0.000179458 0.000138625 0.000156625 0.000227125
Iteration 999: 0.000001166 0.000169333 0.000167667 0.000117250 0.000203625 0.000213125
Iteration 1000: 0.000001125 0.000114750 0.000192584 0.000135584 0.000166000 0.000256584
