Configuration: SHA-512 8 4 1000
Iteration 1: 0.000940500 0.002927542 0.001586209 0.000860625 0.000708333 0.000779125
Iteration 2: 0.000247458 0.000300083 0.000295709 0.000292167 0.000301125 0.000214709
Iteration 3: 0.000168917 0.000227791 0.000250041 0.000155041 0.000268250 0.000289417
Iteration 4: 0.000067000 0.000159459 0.000210125 0.000178292 0.000323250 0.000341542
Iteration 5: 0.000074292 0.000253875 0.000174542 0.000176125 0.000271167 0.000377917
Iteration 6: 0.000063583 0.000256709 0.000206458 0.000164625 0.000216709 0.000267500
Iteration 7: 0.000059959 0.000231667 0.000266208 0.000190208 0.000178250 0.000236583
Iteration 8: 0.000059000 0.000252750 0.002831375 0.000180834 0.000254500 0.000204750
Iteration 9: 0.000064542 0.004582167 0.000214875 0.000232041 0.000182167 0.000244708
Iteration 10: 0.000066083 0.000154917 0.000216709 0.000164542 0.000231875 0.000286125
Iteration 11: 0.000075208 0.000222292 0.000205541 0.000223875 0.000241542 0.000138333
Iteration 12: 0.000061875 0.000216375 0.000141875 0.000160208 0.000199583 0.000279125
Iteration 13: 0.000074000 0.000197000 0.000171333 0.000253209 0.000238375 0.000246166
Iteration 14: 0.002604250 0.000243792 0.000202208 0.000131458 0.000602208 0.000287250
Iteration 15: 0.000048834 0.000179917 0.000180750 0.001274084 0.000673125 0.000504625
Iteration 16: 0.000149000 0.000293000 0.000236125 0.000256625 0.000235125 0.000185250
Iteration 17: 0.000047541 0.000140542 0.000140000 0.000135291 0.000232667 0.000299916
Iteration 18: 0.000036250 0.000210833 0.000138333 0.000197167 0.000208083 0.000206125
Iteration 19: 0.000034208 0.000210584 0.000164875 0.000190125 0.000175000 0.000206333
Iteration 20: 0.000034667 0.000148167 0.000162292 0.000175875 0.000146000 0.000297833
Iteration 21: 0.000040583 0.000212750 0.000167750 0.000219041 0.000210041 0.000169666
Iteration 22: 0.000056000 0.000220625 0.000226917 0.000213334 0.000145542 0.000168334
Iteration 23: 0.000034459 0.000133375 0.000216834 0.000185708 0.000208000 0.000194625
Iteration 24: 0.000039458 0.000181250 0.000154458 0.000125167 0.000216417 0.000266542
Iteration 25: 0.000031875 0.000138375 0.000183792 0.000164250 0.000168084 0.000277750
Iteration 26: 0.000032458 0.000228125 0.000225416 0.000176500 0.000161250 0.000148667
Iteration 27: 0.000030833 0.000141875 0.000206375 0.000141500 0.000137500 0.000301667
Iteration 28: 0.000031250 0.000147750 0.000163583 0.000135458 0.000155125 0.000321541
Iteration 29: 0.000030875 0.000183708 0.000168292 0.000170083 0.000152875 0.000266625
Iteration 30: 0.000030792 0.000172875 0.000173958 0.000209209 0.000145208 0.000232083
Iteration 31: 0.000030916 0.000166375 0.000149375 0.000176917 0.000182458 0.000247042
Iteration 32: 0.000032750 0.000137958 0.000189917 0.000210041 0.000909166 0.001094583
Iteration 33: 0.000118417 0.000363875 0.000214625 0.000172500 0.000171834 0.000281625
Iteration 34: 0.000098458 0.000298916 0.000335250 0.000338083 0.000363792 0.000569375
Iteration 35: 0.000093791 0.000318000 0.000403000 0.000439041 0.000411458 0.000185667
Iteration 36: 0.000046375 0.000153500 0.000223250 0.000336292 0.000215875 0.000157833
Iteration 37: 0.000036875 0.000172208 0.000206000 0.000128959 0.000184500 0.000305500
Iteration 38: 0.000041833 0.000154458 0.000336125 0.000216417 0.000222792 0.000188458
Iteration 39: 0.000044709 0.000182250 0.000139292 0.000213917 0.000208667 0.000222000
Iteration 40: 0.000035208 0.000131000 0.000165125 0.000154041 0.000197292 0.000281833
Iteration 41: 0.000031167 0.000195209 0.000171042 0.000158542 0.000129541 0.000273792
Iteration 42: 0.000042917 0.000175416 0.000183500 0.000143458 0.000151458 0.000270750
Iteration 43: 0.000031083 0.000172750 0.000220792 0.000174333 0.000129125 0.000253167
Iteration 44: 0.000033125 0.000198167 0.000166417 0.000160458 0.000178042 0.000242792
Iteration 45: 0.000032459 0.000147917 0.000172834 0.000143208 0.000140875 0.000343750
Iteration 46: 0.000032584 0.000203500 0.000193709 0.000224584 0.000192625 0.000201500
Iteration 47: 0.000038833 0.000173458 0.000129167 0.000212958 0.000162459 0.000238250
Iteration 48: 0.000032458 0.000197750 0.000209625 0.000187500 0.000214083 0.000119709
Iteration 49: 0.000032583 0.000201208 0.000220667 0.000208458 0.000194583 0.000134375
Iteration 50: 0.000032666 0.000157708 0.000184709 0.000210916 0.000221916 0.000159792
Iteration 51: 0.000030500 0.000197583 0.000154042 0.000164292 0.000205375 0.000205875
Iteration 52: 0.000032833 0.000140042 0.000150667 0.000135875 0.000184708 0.000322875
Iteration 53: 0.000031125 0.000122250 0.000231208 0.000145959 0.000205458 0.000253583
Iteration 54: 0.000034375 0.000176750 0.000164542 0.000122000 0.000162541 0.000290416
Iteration 55: 0.000035375 0.000209375 0.000220167 0.000121000 0.000123583 0.000241375
Iteration 56: 0.000032250 0.000145792 0.000166833 0.000154458 0.000213250 0.000239833
Iteration 57: 0.000031250 0.000218500 0.000213959 0.000205917 0.000211292 0.000130834
Iteration 58: 0.000031459 0.000162459 0.000129833 0.001071375 0.000570417 0.001031875
Iteration 59: 0.000088333 0.002181792 0.000147000 0.000126459 0.000121958 0.000363667
Iteration 60: 0.000039084 0.000182292 0.000256542 0.000140084 0.000135583 0.000255083
Iteration 61: 0.000033166 0.000199750 0.000128292 0.000123291 0.000191334 0.000277166
Iteration 62: 0.000031375 0.000148375 0.000201542 0.000211375 0.000213708 0.000140208
Iteration 63: 0.000031375 0.000155833 0.000131000 0.000198417 0.000140667 0.000292750
Iteration 64: 0.000036542 0.000202000 0.000151583 0.000200375 0.000142541 0.000245000
Iteration 65: 0.000033167 0.000154917 0.000175875 0.000195291 0.000123292 0.000282792
Iteration 66: 0.000030666 0.000148250 0.000145208 0.000133917 0.000134125 0.000403625
Iteration 67: 0.000031042 0.000214375 0.000207625 0.000208292 0.000215292 0.000071166
Iteration 68: 0.000034125 0.000124292 0.000122875 0.000148792 0.000175167 0.000338917
Iteration 69: 0.000031875 0.000129000 0.000129834 0.000183875 0.000129291 0.000333833
Iteration 70: 0.000030708 0.000171375 0.000140333 0.000133291 0.000220250 0.000291750
Iteration 71: 0.000031500 0.000145500 0.000161250 0.000169209 0.000208667 0.000228083
Iteration 72: 0.000031584 0.000162959 0.000209375 0.000207375 0.000160250 0.000190625
Iteration 73: 0.000034958 0.000151666 0.000121083 0.000191083 0.000174125 0.000286417
Iteration 74: 0.000032917 0.000230000 0.000212417 0.000186709 0.000183959 0.000151042
Iteration 75: 0.000031417 0.000135333 0.000155625 0.000208084 0.000165417 0.000248834
Iteration 76: 0.000033583 0.000215250 0.000196958 0.000241334 0.000178208 0.000125208
Iteration 77: 0.000035250 0.000187041 0.000194375 0.000203542 0.000216625 0.000143458
Iteration 78: 0.000030125 0.000174875 0.000118625 0.000228708 0.000194000 0.000203708
Iteration 79: 0.000030291 0.000202875 0.000146291 0.000220333 0.000199500 0.000138542
Iteration 80: 0.000029833 0.000143958 0.000185083 0.000215500 0.000167167 0.000198959
Iteration 81: 0.000030625 0.000168375 0.000191125 0.000212458 0.000168833 0.000178583
Iteration 82: 0.000035417 0.000162875 0.000173000 0.000196667 0.000167500 0.000227209
Iteration 83: 0.000032083 0.000141334 0.000190125 0.000218000 0.000221459 0.000138042
Iteration 84: 0.000032250 0.000188709 0.000176625 0.000227958 0.000202542 0.000124166
Iteration 85: 0.000034209 0.000183167 0.000162208 0.000202917 0.000178709 0.000186417
Iteration 86: 0.000031416 0.000181250 0.000195833 0.000207875 0.000118417 0.000206417
Iteration 87: 0.000035708 0.001082250 0.000186458 0.000135542 0.000148625 0.000477333
Iteration 88: 0.000038459 0.000154667 0.000221084 0.000197250 0.000177916 0.000164833
Iteration 89: 0.000031917 0.000136416 0.000162625 0.000120458 0.000162750 0.000347209
Iteration 90: 0.000034625 0.000214250 0.000224625 0.000161708 0.000157583 0.000156708
Iteration 91: 0.000030542 0.000217916 0.000138167 0.000163125 0.000167917 0.000229417
Iteration 92: 0.000033084 0.000211667 0.000185083 0.000140875 0.000123167 0.000262750
Iteration 93: 0.000032666 0.000222125 0.000215209 0.000164500 0.000170916 0.000140083
Iteration 94: 0.000031125 0.000168000 0.000211708 0.000201125 0.000139917 0.000229459
Iteration 95: 0.000038250 0.000153792 0.000195125 0.000161375 0.000131917 0.000268209
Iteration 96: 0.000038875 0.000201750 0.000177833 0.000169667 0.000514375 0.000432959
Iteration 97: 0.000154916 0.000216917 0.000173625 0.000204208 0.000206708 0.000150292
Iteration 98: 0.000036041 0.000175708 0.000199666 0.000121250 0.000169292 0.000246542
Iteration 99: 0.000028875 0.000233792 0.000146500 0.000127500 0.000206708 0.000274042
Iteration 100: 0.000043333 0.000165500 0.000139458 0.000227500 0.000193834 0.000208708
Iteration 101: 0.000036625 0.000150667 0.000130084 0.000134917 0.000197541 0.000294958
Iteration 102: 0.000023791 0.000143916 0.000209667 0.000126209 0.000174667 0.000248583
Iteration 103: 0.000021708 0.000191209 0.000229416 0.000215291 0.000164750 0.000117333
Iteration 104: 0.000021250 0.000169792 0.000157083 0.000205750 0.000222333 0.000149291
Iteration 105: 0.000021125 0.000168041 0.000211167 0.000211833 0.000176750 0.000153417
Iteration 106: 0.000037125 0.000126083 0.000183625 0.000165292 0.000143041 0.000305166
Iteration 107: 0.000025791 0.000196375 0.000137000 0.000155875 0.005043917 0.001072500
Iteration 108: 0.000095292 0.000470125 0.000900917 0.000561125 0.000186708 0.000605167
Iteration 109: 0.000065583 0.000821917 0.000784792 0.000231541 0.000207583 0.000066167
Iteration 110: 0.000033667 0.000180584 0.000183792 0.000123500 0.000133083 0.000322958
Iteration 111: 0.000023500 0.000180375 0.000140750 0.000211917 0.000195833 0.000172666
Iteration 112: 0.000022375 0.000202333 0.000153000 0.000216375 0.000160375 0.000171875
Iteration 113: 0.000021125 0.000125208 0.000194833 0.000139917 0.000123208 0.000379334
Iteration 114: 0.000024416 0.000208542 0.000122125 0.000140916 0.000213167 0.000241541
Iteration 115: 0.000023625 0.000120750 0.000132917 0.000123000 0.001614208 0.000362042
Iteration 116: 0.000031292 0.000202625 0.000192333 0.000147416 0.000191792 0.000154375
Iteration 117: 0.000021708 0.000160167 0.000202334 0.000174959 0.000152000 0.000208958
Iteration 118: 0.000023125 0.000206959 0.000206500 0.000220750 0.000209750 0.000056042
Iteration 119: 0.000037042 0.000207500 0.000174875 0.000119292 0.000188334 0.000211958
Iteration 120: 0.000025292 0.000201375 0.000144417 0.000204583 0.000190041 0.000158958
Iteration 121: 0.000024834 0.000205875 0.000133500 0.000223958 0.000167791 0.000179459
Iteration 122: 0.000026625 0.000123167 0.000116500 0.000190167 0.000216167 0.000254875
Iteration 123: 0.000023041 0.000219334 0.000142042 0.000173084 0.000201334 0.000169750
Iteration 124: 0.000023083 0.000129417 0.000135000 0.000159166 0.000140958 0.000330250
Iteration 125: 0.000022458 0.000181375 0.000196875 0.000150708 0.000153000 0.000206625
Iteration 126: 0.000020708 0.000213750 0.000161625 0.000196667 0.000184458 0.000133000
Iteration 127: 0.000021500 0.000166084 0.000168959 0.000210792 0.000207041 0.000138583
Iteration 128: 0.000021959 0.000212708 0.000190500 0.000170167 0.000217875 0.000140292
Iteration 129: 0.000022958 0.000211542 0.000195541 0.000212875 0.000226917 0.000293958
Iteration 130: 0.000174292 0.000204875 0.000190208 0.000163167 0.000194042 0.000284250
Iteration 131: 0.000030208 0.000127083 0.000127417 0.000213042 0.000213792 0.000279708
Iteration 132: 0.000023833 0.000125667 0.000190917 0.000205333 0.000152875 0.000215875
Iteration 133: 0.000026834 0.000170791 0.000222875 0.000188375 0.000202125 0.000184125
Iteration 134: 0.000026375 0.000193083 0.000204500 0.000196667 0.000129916 0.000167625
Iteration 135: 0.000021542 0.000127833 0.000235875 0.000223958 0.000187375 0.000165916
Iteration 136: 0.000020791 0.000228209 0.000249917 0.000135458 0.000146291 0.000183291
Iteration 137: 0.000021666 0.000130209 0.000192084 0.000196833 0.000126208 0.000285666
Iteration 138: 0.000021292 0.000163167 0.000186542 0.000184875 0.000181167 0.000187542
Iteration 139: 0.000027000 0.000157750 0.000188000 0.000240291 0.000194041 0.000232666
Iteration 140: 0.000031792 0.000150708 0.000188875 0.000134041 0.000303208 0.000243042
Iteration 141: 0.000030875 0.000195834 0.000153792 0.000137416 0.000203917 0.000229292
Iteration 142: 0.000029042 0.000238959 0.000208291 0.000140583 0.000208000 0.000167459
Iteration 143: 0.000026542 0.000180334 0.000178417 0.000185625 0.000214750 0.000124500
Iteration 144: 0.000021334 0.000196834 0.000149583 0.000175708 0.000166167 0.000194500
Iteration 145: 0.000021000 0.000118792 0.000195167 0.000200791 0.000172333 0.000196125
Iteration 146: 0.000024334 0.000182416 0.000183333 0.000188625 0.000210875 0.000114083
Iteration 147: 0.000021916 0.000161334 0.000231584 0.000354083 0.000300542 0.000339375
Iteration 148: 0.000049417 0.000267958 0.000309583 0.000139375 0.000193000 0.000284958
Iteration 149: 0.000029542 0.000193250 0.000218334 0.000195709 0.000158125 0.000159167
Iteration 150: 0.000034375 0.000170667 0.000160458 0.000125250 0.000156959 0.000302583
Iteration 151: 0.000025166 0.000124250 0.000190916 0.000206750 0.000149042 0.000218917
Iteration 152: 0.000020709 0.000135375 0.000142292 0.000196667 0.000127084 0.000289750
Iteration 153: 0.000023208 0.000150500 0.000201875 0.000122541 0.000117000 0.000297541
Iteration 154: 0.000020625 0.000145041 0.000217417 0.000123917 0.000194708 0.000203166
Iteration 155: 0.000021000 0.000217042 0.000178334 0.000215417 0.000127500 0.000150292
Iteration 156: 0.000022750 0.000177958 0.000145166 0.000162417 0.000153875 0.000263542
Iteration 157: 0.000025625 0.000118916 0.000217666 0.000208958 0.000202500 0.000185875
Iteration 158: 0.000022583 0.000207083 0.000127542 0.000205666 0.000177958 0.000179542
Iteration 159: 0.000045167 0.000134958 0.000214667 0.000135750 0.000340125 0.000229625
Iteration 160: 0.000025250 0.000200542 0.000167291 0.000187208 0.000242542 0.000218209
Iteration 161: 0.000024792 0.000154333 0.000179875 0.000210708 0.000115833 0.000212625
Iteration 162: 0.000020375 0.000195334 0.000214250 0.000148333 0.000170667 0.000134875
Iteration 163: 0.000020000 0.000211958 0.000182166 0.000142375 0.000177583 0.000161416
Iteration 164: 0.000020666 0.000121750 0.000216208 0.000149291 0.000126625 0.000283625
Iteration 165: 0.000020791 0.000157000 0.000163000 0.000161959 0.000189542 0.000220250
Iteration 166: 0.000022541 0.000214292 0.000200459 0.000181917 0.000162125 0.000126625
Iteration 167: 0.000021292 0.000214958 0.000187167 0.000127250 0.000118125 0.000223166
Iteration 168: 0.000020125 0.000188292 0.000210000 0.000160375 0.000116459 0.000178042
Iteration 169: 0.000019916 0.000130834 0.000160042 0.000200375 0.000180375 0.000185584
Iteration 170: 0.000019833 0.000115250 0.000131334 0.000218500 0.000118542 0.000301292
Iteration 171: 0.000020542 0.000167333 0.000158250 0.000220292 0.000188667 0.000155791
Iteration 172: 0.000034958 0.000167709 0.000137541 0.000186250 0.000435917 0.000248333
Iteration 173: 0.000051625 0.000214667 0.000211917 0.000136958 0.000148125 0.000333292
Iteration 174: 0.000031500 0.000204834 0.000117584 0.000163167 0.000159375 0.000281708
Iteration 175: 0.000030041 0.000170667 0.000121000 0.000117583 0.000161875 0.000310750
Iteration 176: 0.000021084 0.000154916 0.000213208 0.000213542 0.000182875 0.000125208
Iteration 177: 0.000020375 0.000151084 0.000177458 0.000132167 0.000155583 0.000263333
Iteration 178: 0.000020500 0.000190750 0.000202875 0.000134125 0.000132458 0.000223916
Iteration 179: 0.000020542 0.000181500 0.000191500 0.000206708 0.000181000 0.000118291
Iteration 180: 0.000020708 0.000173375 0.000131291 0.000169708 0.000184792 0.000251083
Iteration 181: 0.000021166 0.000143125 0.000139500 0.000133708 0.000207458 0.000280000
Iteration 182: 0.000022375 0.000177750 0.000164042 0.000117834 0.000168959 0.000258292
Iteration 183: 0.000020625 0.000189584 0.000164875 0.000192125 0.000123791 0.000262750
Iteration 184: 0.000024042 0.000152958 0.000163500 0.000128084 0.000160959 0.000272917
Iteration 185: 0.000059791 0.000134875 0.000185167 0.000216542 0.000163875 0.000192333
Iteration 186: 0.000021208 0.000196125 0.000197625 0.000201000 0.000141417 0.000153291
Iteration 187: 0.000021125 0.000200000 0.000187208 0.000161875 0.000204167 0.000132041
Iteration 188: 0.000019958 0.000154375 0.000147916 0.000151292 0.000197875 0.000230583
Iteration 189: 0.000019667 0.000191083 0.000122042 0.000208417 0.000165625 0.000197292
Iteration 190: 0.000019750 0.000128792 0.000170417 0.000121208 0.000134292 0.000329917
Iteration 191: 0.000019917 0.000174083 0.000205417 0.000209750 0.000173083 0.000129042
Iteration 192: 0.000019833 0.000187000 0.000186208 0.000143041 0.000145583 0.000222250
Iteration 193: 0.000019708 0.000155667 0.000149583 0.000181833 0.000148042 0.000243792
Iteration 194: 0.000019833 0.000212000 0.000199708 0.000251083 0.000239917 0.000295583
Iteration 195: 0.000032416 0.000135000 0.000184833 0.000122666 0.000185458 0.000273709
Iteration 196: 0.000024250 0.000205709 0.000165500 0.000123000 0.000212958 0.000192125
Iteration 197: 0.000024084 0.000136000 0.000214375 0.000156625 0.000133250 0.000261750
Iteration 198: 0.000020250 0.000242709 0.000180750 0.000194167 0.000216625 0.000101875
Iteration 199: 0.000030167 0.000183041 0.000215125 0.000213250 0.000141834 0.000135667
Iteration 200: 0.000024417 0.000117166 0.000167208 0.000154375 0.000209292 0.000241459
Iteration 201: 0.000022834 0.000204375 0.000149583 0.000196833 0.000171750 0.000168291
Iteration 202: 0.000021083 0.000207750 0.000128500 0.000119000 0.000180625 0.000245458
Iteration 203: 0.000019875 0.000191000 0.000169917 0.000216875 0.000221792 0.000105458
Iteration 204: 0.000020792 0.000177083 0.000131709 0.000162333 0.000198333 0.000263209
Iteration 205: 0.000034750 0.000211583 0.000149916 0.000189125 0.000201750 0.000219500
Iteration 206: 0.000037208 0.000178917 0.000126417 0.000199625 0.000167541 0.000217833
Iteration 207: 0.000019916 0.000173750 0.000134750 0.000121208 0.000178125 0.000302542
Iteration 208: 0.000024958 0.000146084 0.000179834 0.000201958 0.000177333 0.000192291
Iteration 209: 0.000022292 0.000178708 0.000191000 0.000278417 0.000117875 0.000188958
Iteration 210: 0.000024292 0.000139834 0.000148833 0.000173083 0.000198875 0.000235041
Iteration 211: 0.000020000 0.000176041 0.000209250 0.000152792 0.000126333 0.000213750
Iteration 212: 0.000019709 0.000188500 0.000185625 0.000218084 0.000149000 0.000153167
Iteration 213: 0.000020166 0.000197959 0.000208792 0.000207667 0.000180041 0.000086458
Iteration 214: 0.000019459 0.000124791 0.000147375 0.000146666 0.000191917 0.000245291
Iteration 215: 0.000019584 0.000181375 0.000150500 0.000178625 0.000123125 0.000282333
Iteration 216: 0.000023500 0.000155666 0.000189291 0.000160000 0.000195625 0.000182833
Iteration 217: 0.000021542 0.000121166 0.000159041 0.000176083 0.000150667 0.000273375
Iteration 218: 0.000020500 0.000158542 0.000205959 0.000178084 0.000191000 0.000144667
Iteration 219: 0.000020084 0.000146041 0.000213500 0.000193791 0.000158375 0.000169833
Iteration 220: 0.000019709 0.000173583 0.000166625 0.000122459 0.000220084 0.000197625
Iteration 221: 0.000019792 0.000216167 0.000219375 0.000130500 0.000226375 0.000111333
Iteration 222: 0.000019917 0.000156416 0.000186375 0.000126000 0.000149083 0.000270833
Iteration 223: 0.000019583 0.000126542 0.000163834 0.000123250 0.000207958 0.000274875
Iteration 224: 0.000271708 0.000219750 0.000158208 0.000199416 0.000141042 0.000172250
Iteration 225: 0.000030667 0.000141750 0.000219000 0.000144292 0.000180333 0.000200250
Iteration 226: 0.000030459 0.000145875 0.000214041 0.000224209 0.000162333 0.000197208
Iteration 227: 0.000031625 0.000152000 0.000127250 0.000144166 0.000136834 0.000324167
Iteration 228: 0.000020333 0.000132709 0.000150334 0.000166375 0.000142084 0.000298917
Iteration 229: 0.000020208 0.000139834 0.000185958 0.000124166 0.000178958 0.000280583
Iteration 230: 0.000036000 0.000145250 0.000177541 0.000206292 0.000184250 0.000175541
Iteration 231: 0.000034125 0.000133542 0.000158834 0.000135250 0.000145542 0.000331125
Iteration 232: 0.000019542 0.000142542 0.000163667 0.000160000 0.000155417 0.000256583
Iteration 233: 0.000019416 0.000157500 0.000168000 0.000177708 0.000125791 0.000249542
Iteration 234: 0.000019292 0.000154792 0.000141834 0.000180084 0.000148791 0.000266333
Iteration 235: 0.000019708 0.000203959 0.000179542 0.000196792 0.000115333 0.000212666
Iteration 236: 0.000019958 0.000161125 0.000216792 0.000147709 0.000187917 0.000190708
Iteration 237: 0.000019667 0.000132042 0.000165750 0.000216000 0.000169041 0.000206375
Iteration 238: 0.000019500 0.000139083 0.000150250 0.000146583 0.000118750 0.000347459
Iteration 239: 0.000019375 0.000161709 0.000186500 0.000162833 0.000143291 0.000229625
Iteration 240: 0.000018792 0.000164708 0.000162084 0.000166542 0.000188042 0.000177000
Iteration 241: 0.000019000 0.000187125 0.000143542 0.000167792 0.000119375 0.000251666
Iteration 242: 0.000018625 0.000171042 0.000168959 0.000197458 0.000188125 0.000139709
Iteration 243: 0.000028541 0.000142125 0.000230208 0.000220666 0.000142208 0.000165666
Iteration 244: 0.000019750 0.000133500 0.000132792 0.000174750 0.000222333 0.000235500
Iteration 245: 0.000019334 0.000163291 0.000204208 0.000159459 0.000163834 0.000276167
Iteration 246: 0.000022125 0.000207291 0.000152458 0.000191000 0.000198333 0.000154167
Iteration 247: 0.000019625 0.000119208 0.000145333 0.000186917 0.000126667 0.000301167
Iteration 248: 0.000019500 0.000128666 0.000160625 0.000148916 0.000139084 0.000313625
Iteration 249: 0.000019541 0.000201625 0.000206333 0.000121542 0.000130250 0.000316250
Iteration 250: 0.000021834 0.000214959 0.000141042 0.000141042 0.000164500 0.000232625
Iteration 251: 0.000027208 0.000195833 0.000130083 0.000203000 0.000185250 0.000187125
Iteration 252: 0.000024625 0.000158625 0.000131375 0.000215208 0.000120833 0.000270167
Iteration 253: 0.000023250 0.000170625 0.000157333 0.000127125 0.000137208 0.000305375
Iteration 254: 0.000023542 0.000130000 0.000142250 0.000212375 0.000119209 0.000291500
Iteration 255: 0.000022000 0.000116333 0.000204458 0.000122167 0.000186291 0.000272875
Iteration 256: 0.000034209 0.000217041 0.000163000 0.000184416 0.000221500 0.000131208
Iteration 257: 0.000023334 0.000219709 0.000136250 0.000153042 0.000159500 0.000238291
Iteration 258: 0.000020958 0.000206666 0.000144459 0.000354500 0.000185875 0.000224417
Iteration 259: 0.000026250 0.000166916 0.000153959 0.000145042 0.000128125 0.000306625
Iteration 260: 0.000020417 0.000139333 0.000134916 0.000189542 0.000186208 0.000250625
Iteration 261: 0.000021042 0.000180083 0.000241167 0.000198042 0.000139042 0.000170625
Iteration 262: 0.000030166 0.000180750 0.000147083 0.000178583 0.000135750 0.000254583
Iteration 263: 0.000107375 0.000182833 0.000195584 0.000136084 0.000136584 0.000249375
Iteration 264: 0.000020125 0.000140583 0.000148791 0.000163167 0.000117750 0.000320709
Iteration 265: 0.000020625 0.000157792 0.000208209 0.000159000 0.000155292 0.000182500
Iteration 266: 0.000018209 0.000128000 0.000174917 0.000186250 0.000171709 0.000198125
Iteration 267: 0.000018291 0.000151667 0.000141333 0.000126708 0.000170666 0.000313292
Iteration 268: 0.000033250 0.000182167 0.000137375 0.000173291 0.000145375 0.000243125
Iteration 269: 0.000027750 0.000177833 0.000124042 0.000172583 0.000168083 0.000257292
Iteration 270: 0.000020834 0.000132000 0.000217458 0.000153875 0.000178250 0.000215625
Iteration 271: 0.000022292 0.000162959 0.000190750 0.000148167 0.000157292 0.000308708
Iteration 272: 0.000020125 0.000130083 0.000199833 0.000205292 0.000257000 0.000154750
Iteration 273: 0.000020125 0.000204917 0.000191250 0.000210250 0.000192792 0.000113458
Iteration 274: 0.000018833 0.000151417 0.000159459 0.000160459 0.000187792 0.000238625
Iteration 275: 0.000017666 0.000162084 0.000150417 0.000170500 0.000146083 0.000269500
Iteration 276: 0.000018792 0.000168541 0.000180875 0.000152750 0.000168583 0.000228542
Iteration 277: 0.000018625 0.000199584 0.000188500 0.000203708 0.000146542 0.000153458
Iteration 278: 0.000018625 0.000176375 0.000145584 0.000193916 0.000119625 0.000257041
Iteration 279: 0.000019042 0.000216583 0.000117500 0.000174500 0.000220125 0.000165541
Iteration 280: 0.000018958 0.000146625 0.000117625 0.000150208 0.000133417 0.000354584
Iteration 281: 0.000018833 0.000217167 0.000166541 0.000134666 0.000146000 0.000230083
Iteration 282: 0.000018875 0.000188375 0.000209333 0.000187500 0.000162209 0.000148459
Iteration 283: 0.000018166 0.000155417 0.000123791 0.000144292 0.000154041 0.000319000
Iteration 284: 0.000017833 0.000176792 0.000133417 0.000217833 0.000140875 0.000228958
Iteration 285: 0.000017792 0.000126333 0.000128583 0.000147458 0.000182875 0.000311208
Iteration 286: 0.000017959 0.000147333 0.000132875 0.000118667 0.000150000 0.000356125
Iteration 287: 0.000018083 0.000170542 0.000188125 0.000221208 0.000143167 0.000170292
Iteration 288: 0.000017625 0.000174833 0.000158375 0.000124042 0.000185875 0.000260541
Iteration 289: 0.000017833 0.010758000 0.000627958 0.000177084 0.000186583 0.000152875
Iteration 290: 0.000030375 0.000159625 0.000193250 0.000134958 0.000193875 0.000227000
Iteration 291: 0.000019125 0.000166667 0.000132125 0.000173958 0.000209500 0.000211041
Iteration 292: 0.000019000 0.000156833 0.000172791 0.000192833 0.000190667 0.000183042
Iteration 293: 0.000019042 0.000171583 0.000141250 0.000205625 0.000157375 0.000219250
Iteration 294: 0.000018875 0.000201500 0.000172209 0.000133209 0.000130833 0.000257250
Iteration 295: 0.000018708 0.000132959 0.000155375 0.000125667 0.000227000 0.000628209
Iteration 296: 0.000036625 0.000212083 0.000188416 0.000191500 0.000227500 0.000181792
Iteration 297: 0.000025625 0.000171792 0.000177417 0.000127375 0.000139500 0.000264833
Iteration 298: 0.000018584 0.000226209 0.000239000 0.000234875 0.000229167 0.000169667
Iteration 299: 0.000039292 0.000189750 0.000166583 0.000216166 0.000124167 0.000255334
Iteration 300: 0.000020750 0.000156125 0.000120125 0.000219500 0.000208375 0.000192583
Iteration 301: 0.000017458 0.000193417 0.000191125 0.000161625 0.000157000 0.000192167
Iteration 302: 0.000018750 0.000126042 0.000129125 0.000122875 0.000184917 0.000391416
Iteration 303: 0.000018709 0.000149625 0.000148084 0.000199541 0.000130250 0.000275750
Iteration 304: 0.000018667 0.000223250 0.000199500 0.000125667 0.000123709 0.000236000
Iteration 305: 0.000018792 0.000152958 0.000221958 0.000181167 0.000210000 0.000148083
Iteration 306: 0.000018541 0.000214042 0.000150750 0.000193875 0.000161375 0.000172625
Iteration 307: 0.000019125 0.000211250 0.000179667 0.000177917 0.000153084 0.000176125
Iteration 308: 0.000019000 0.000143625 0.000133500 0.000179375 0.000119458 0.000320000
Iteration 309: 0.000018917 0.000129250 0.000183458 0.000178583 0.000193667 0.000195458
Iteration 310: 0.000046000 0.000186667 0.000167500 0.000166667 0.000140542 0.000372292
Iteration 311: 0.000024125 0.000183750 0.000210292 0.000120250 0.000163542 0.000228542
Iteration 312: 0.000018042 0.000188875 0.000160459 0.000138500 0.000217667 0.000189959
Iteration 313: 0.000017625 0.000219583 0.000220125 0.000178042 0.000122291 0.000156750
Iteration 314: 0.000017667 0.000216625 0.000133000 0.000207333 0.000204083 0.000130541
Iteration 315: 0.000017375 0.000210583 0.000144625 0.000157250 0.000196167 0.000180917
Iteration 316: 0.000019500 0.000166459 0.000136792 0.000142500 0.000177500 0.000277333
Iteration 317: 0.000018666 0.000132167 0.000116250 0.000192792 0.000212459 0.000235292
Iteration 318: 0.000019000 0.000200625 0.000151041 0.000196083 0.000217042 0.000132083
Iteration 319: 0.000018625 0.000207416 0.000211583 0.000184333 0.000220500 0.000070042
Iteration 320: 0.000023500 0.000153750 0.000214166 0.000172375 0.000123791 0.000311417
Iteration 321: 0.000027875 0.000202209 0.000169375 0.000167292 0.000116500 0.000259542
Iteration 322: 0.000019584 0.000139333 0.000147417 0.000127833 0.000206166 0.000254250
Iteration 323: 0.000018583 0.000119208 0.000146792 0.000164209 0.000166959 0.000286542
Iteration 324: 0.000016958 0.000132500 0.000140375 0.000163834 0.000153209 0.000298583
Iteration 325: 0.000017083 0.000201167 0.000163917 0.000196041 0.000143417 0.000158500
Iteration 326: 0.000016791 0.000203000 0.000231875 0.000123041 0.000142250 0.000242666
Iteration 327: 0.000016959 0.000164416 0.000141625 0.000166500 0.000150209 0.000237292
Iteration 328: 0.000018292 0.000213000 0.000164125 0.000210417 0.000211667 0.000079834
Iteration 329: 0.000031917 0.000200209 0.000211875 0.000211583 0.000163958 0.000142667
Iteration 330: 0.000020625 0.000157125 0.000197875 0.000159708 0.000120875 0.000297333
Iteration 331: 0.000020000 0.000119459 0.000190792 0.000131375 0.000213292 0.000311375
Iteration 332: 0.000021791 0.000164208 0.000192500 0.000191417 0.000148000 0.000208500
Iteration 333: 0.000018583 0.000207625 0.000165750 0.000216792 0.000161709 0.000146459
Iteration 334: 0.000019041 0.000124125 0.000160708 0.000149792 0.000228709 0.000242000
Iteration 335: 0.000049959 0.000225333 0.000220167 0.000222250 0.000160625 0.000098625
Iteration 336: 0.000033500 0.000144333 0.000156833 0.000165208 0.000210333 0.000241916
Iteration 337: 0.000021333 0.000146417 0.000198833 0.000188042 0.000155209 0.000218958
Iteration 338: 0.000018625 0.000160166 0.000197875 0.000165458 0.000152125 0.000307917
Iteration 339: 0.000024167 0.000218417 0.000149166 0.000128625 0.000201916 0.000220500
Iteration 340: 0.000017917 0.000215500 0.000143459 0.000188542 0.000148625 0.000198125
Iteration 341: 0.000017750 0.000135000 0.000152000 0.000124167 0.000179708 0.000303291
Iteration 342: 0.000018792 0.000133708 0.000184041 0.000132667 0.000144125 0.000298791
Iteration 343: 0.000018958 0.000125042 0.000207250 0.000122833 0.000149708 0.000285292
Iteration 344: 0.000018500 0.000189541 0.000146708 0.000198416 0.000185833 0.000172083
Iteration 345: 0.000018916 0.000136459 0.000212375 0.000118584 0.000147334 0.000280959
Iteration 346: 0.000018583 0.000120042 0.000225583 0.000129333 0.000215333 0.000206208
Iteration 347: 0.000018375 0.000149583 0.000187834 0.000176959 0.000168209 0.000210917
Iteration 348: 0.000018917 0.000195041 0.000204416 0.000171833 0.000152125 0.000168083
Iteration 349: 0.000018500 0.000200291 0.000162875 0.000155750 0.000152625 0.000219166
Iteration 350: 0.000017708 0.000139958 0.000200375 0.000205875 0.000229500 0.000125292
Iteration 351: 0.000018958 0.000195334 0.000130250 0.000155666 0.000200833 0.000213208
Iteration 352: 0.000017584 0.000138166 0.000177541 0.000163125 0.000189791 0.000224583
Iteration 353: 0.000017625 0.000136292 0.000146250 0.000182875 0.000146042 0.000314292
Iteration 354: 0.010806125 0.000452709 0.000339500 0.000436375 0.000391375 0.000210667
Iteration 355: 0.000039834 0.000423375 0.000283709 0.000470708 0.000340750 0.000449583
Iteration 356: 0.000043209 0.000425750 0.000318458 0.000652667 0.000365916 0.000267750
Iteration 357: 0.000042250 0.000339917 0.000412791 0.000335791 0.000391667 0.000288042
Iteration 358: 0.000045333 0.000427292 0.000317792 0.000307334 0.000243291 0.000499750
Iteration 359: 0.000041458 0.000274042 0.000376417 0.000297875 0.000152583 0.000257458
Iteration 360: 0.000027250 0.000172792 0.000220917 0.000169750 0.000125375 0.000205917
Iteration 361: 0.000023625 0.000217250 0.000210333 0.000219542 0.000128959 0.000126750
Iteration 362: 0.000019083 0.000172834 0.000173292 0.000204333 0.000171458 0.000174416
Iteration 363: 0.000018750 0.000196625 0.000124458 0.000193583 0.000197541 0.000183583
Iteration 364: 0.000017667 0.000121250 0.000127459 0.000120834 0.000165459 0.000359000
Iteration 365: 0.000017667 0.000181250 0.000137667 0.000203375 0.000125416 0.000253542
Iteration 366: 0.000017542 0.000152375 0.000206667 0.000154459 0.000159334 0.000226792
Iteration 367: 0.000017583 0.000180500 0.000179125 0.000179333 0.000145333 0.000216333
Iteration 368: 0.000017583 0.000168584 0.000189708 0.000194583 0.000129500 0.000215375
Iteration 369: 0.000017625 0.000160083 0.000135333 0.000221666 0.000136667 0.000245292
Iteration 370: 0.000018750 0.000165167 0.001231917 0.000124000 0.000153166 0.000272625
Iteration 371: 0.000024041 0.000209875 0.000133250 0.000163000 0.000150333 0.000236541
Iteration 372: 0.000019000 0.000168417 0.000119042 0.000152500 0.000168083 0.000292875
Iteration 373: 0.000018916 0.000155125 0.000175917 0.000159541 0.000173833 0.000225542
Iteration 374: 0.000018583 0.000139125 0.000204583 0.000164375 0.000151500 0.000232666
Iteration 375: 0.000018792 0.000163541 0.000153250 0.000173916 0.000133042 0.000264250
Iteration 376: 0.000018625 0.000206959 0.000128292 0.000185500 0.000142125 0.000227792
Iteration 377: 0.000018792 0.000195666 0.000731750 0.000224459 0.000222333 0.000097291
Iteration 378: 0.000021250 0.000133750 0.000221875 0.000161458 0.000145917 0.000231875
Iteration 379: 0.000017584 0.000199792 0.000175625 0.000211959 0.000169792 0.000133416
Iteration 380: 0.000033250 0.000119250 0.000173250 0.000153625 0.000189375 0.000272084
Iteration 381: 0.000018583 0.000223958 0.000178166 0.000218291 0.000188458 0.000091625
Iteration 382: 0.000017500 0.000186208 0.000217417 0.000218500 0.000133417 0.000138375
Iteration 383: 0.000017583 0.000138458 0.000214500 0.000121541 0.000206375 0.000212125
Iteration 384: 0.000021209 0.000198500 0.000212500 0.000176000 0.000217959 0.000101042
Iteration 385: 0.000019416 0.000217291 0.000148167 0.000248125 0.000124458 0.003863542
Iteration 386: 0.000052542 0.000179583 0.000200083 0.000153000 0.000118917 0.000250291
Iteration 387: 0.000019875 0.000152791 0.000182833 0.000198166 0.000189083 0.000172292
Iteration 388: 0.000018375 0.000180292 0.000212208 0.000161583 0.000157667 0.000180417
Iteration 389: 0.000018791 0.000219709 0.000163500 0.000117459 0.000209709 0.000181000
Iteration 390: 0.000018791 0.000200875 0.000171375 0.000117750 0.000161042 0.000250625
Iteration 391: 0.000018750 0.000177625 0.000123459 0.000174875 0.000131875 0.000285166
Iteration 392: 0.000017291 0.000125375 0.000174583 0.000218166 0.000162833 0.000263875
Iteration 393: 0.000017333 0.000137958 0.000183584 0.000162959 0.000157791 0.000261500
Iteration 394: 0.000017041 0.000137333 0.000121791 0.000135625 0.000168625 0.000333625
Iteration 395: 0.000017042 0.000120042 0.000133459 0.000159125 0.000127750 0.000359750
Iteration 396: 0.000017042 0.000136500 0.000133000 0.000148292 0.000159292 0.001896333
Iteration 397: 0.000022583 0.000136042 0.000207708 0.000144750 0.000180542 0.000231791
Iteration 398: 0.000018667 0.000154667 0.000148875 0.000206458 0.000126958 0.000254958
Iteration 399: 0.000018584 0.000200625 0.000143833 0.000209334 0.000132625 0.003917917
Iteration 400: 0.000027959 0.000149916 0.000181000 0.000197667 0.000166416 0.000201875
Iteration 401: 0.000018416 0.000208292 0.000194250 0.000206000 0.000180375 0.000113334
Iteration 402: 0.000018333 0.000127833 0.000213250 0.000122041 0.000178875 0.000250625
Iteration 403: 0.000018208 0.000209042 0.000178667 0.000198250 0.000165291 0.000158083
Iteration 404: 0.000018209 0.000161667 0.000193334 0.000178084 0.000134459 0.000228958
Iteration 405: 0.000017291 0.000145500 0.000210792 0.000197417 0.000188041 0.000158458
Iteration 406: 0.000017000 0.000137667 0.000173542 0.000194417 0.000162666 0.000230958
Iteration 407: 0.000017125 0.000180792 0.000176833 0.000169875 0.000220292 0.000151375
Iteration 408: 0.000017167 0.000204791 0.000181500 0.000151625 0.000191875 0.000169041
Iteration 409: 0.000017208 0.000124584 0.000191917 0.000147459 0.000200584 0.000227750
Iteration 410: 0.000018125 0.000216167 0.000199833 0.000168208 0.000188500 0.000120208
Iteration 411: 0.000018375 0.000135292 0.000165042 0.000172209 0.000119042 0.000302417
Iteration 412: 0.000018250 0.000158083 0.005025375 0.000240042 0.000269417 0.000505791
Iteration 413: 0.000164541 0.000430334 0.000344042 0.000325542 0.000338125 0.000461458
Iteration 414: 0.000040708 0.000355000 0.000421167 0.000423500 0.000324000 0.000334917
Iteration 415: 0.062226417 0.008943584 0.000192708 0.000145834 0.000156125 0.000221000
Iteration 416: 0.000021625 0.000195875 0.000155875 0.000164333 0.000198666 0.000166666
Iteration 417: 0.000017250 0.000190041 0.000147041 0.000216834 0.000188917 0.000151417
Iteration 418: 0.000017292 0.000166916 0.000205333 0.000133167 0.000119416 0.000269875
Iteration 419: 0.000017208 0.000197375 0.000202625 0.000168000 0.000127209 0.000205792
Iteration 420: 0.000023459 0.000172541 0.000212625 0.000157208 0.000171834 0.000194334
Iteration 421: 0.000017084 0.000185208 0.000147791 0.000209459 0.000168209 0.000188375
Iteration 422: 0.000018666 0.000134084 0.000175167 0.000181292 0.000179084 0.000231541
Iteration 423: 0.000017208 0.000158209 0.000170042 0.000148541 0.000159667 0.000253458
Iteration 424: 0.000017208 0.000249292 0.000175541 0.000179750 0.000189333 0.000135334
Iteration 425: 0.000020125 0.000158334 0.000203667 0.000118958 0.000206167 0.000231958
Iteration 426: 0.000018625 0.000195709 0.000217958 0.000189500 0.000144542 0.000138292
Iteration 427: 0.000017541 0.000132625 0.000161292 0.000176292 0.000135875 0.000290125
Iteration 428: 0.000017333 0.000169167 0.008310708 0.000236125 0.000216416 0.000124917
Iteration 429: 0.000045500 0.000451500 0.000159917 0.000159084 0.000133000 0.000244167
Iteration 430: 0.000019958 0.000215666 0.000127292 0.000128042 0.000181916 0.000224583
Iteration 431: 0.000021958 0.000206667 0.000178459 0.000175542 0.000197041 0.000119708
Iteration 432: 0.000017083 0.000124417 0.000130875 0.000137125 0.001689167 0.000373875
Iteration 433: 0.000019875 0.000200042 0.000120291 0.000133958 0.000202125 0.000230041
Iteration 434: 0.000017083 0.000217500 0.000144417 0.000213125 0.000139166 0.000172042
Iteration 435: 0.000016958 0.000165459 0.000196125 0.000135125 0.000179209 0.000214667
Iteration 436: 0.000017208 0.000190541 0.000214166 0.000172334 0.000190208 0.000129292
Iteration 437: 0.000017042 0.000216125 0.000160291 0.000183750 0.000217041 0.000114708
Iteration 438: 0.000017125 0.000177125 0.000197167 0.000199083 0.000132042 0.000189500
Iteration 439: 0.000017125 0.000205583 0.000223333 0.000152167 0.000161541 0.000147542
Iteration 440: 0.000017292 0.000162916 0.000192958 0.000212000 0.000165208 0.000164000
Iteration 441: 0.000017042 0.000172917 0.000167625 0.000163584 0.000180167 0.000209291
Iteration 442: 0.000017041 0.000160667 0.000172375 0.000199583 0.000177208 0.000182125
Iteration 443: 0.000017375 0.000191875 0.000153167 0.000170083 0.000214125 0.000161000
Iteration 444: 0.000017000 0.000171916 0.000202542 0.000208291 0.000209292 0.000104292
Iteration 445: 0.000018000 0.000134042 0.000203584 0.000125583 0.000171541 0.000262250
Iteration 446: 0.000018209 0.000185791 0.000125333 0.000160333 0.000202125 0.000226708
Iteration 447: 0.000017208 0.000123208 0.000196292 0.000146000 0.000187958 0.004150541
Iteration 448: 0.000020583 0.000153209 0.000156750 0.000213292 0.000201916 0.000197208
Iteration 449: 0.000017583 0.000163000 0.000159958 0.000128416 0.000201292 0.002170375
Iteration 450: 0.000019709 0.000191125 0.000134458 0.000142667 0.000141375 0.000341417
Iteration 451: 0.000017625 0.000208875 0.000206167 0.000363458 0.000243666 0.000360458
Iteration 452: 0.000045042 0.000340875 0.000380125 0.000261792 0.000568208 0.000371250
Iteration 453: 0.000041041 0.000283584 0.000575833 0.000355042 0.000333708 0.004137542
Iteration 454: 0.000019291 0.000120417 0.000201583 0.000137875 0.000206709 0.000239709
Iteration 455: 0.000017334 0.000152750 0.000155542 0.000124458 0.000181792 0.000272708
Iteration 456: 0.000017375 0.000114708 0.000135542 0.003678959 0.000335708 0.000475875
Iteration 457: 0.000043417 0.000297459 0.000521208 0.000394250 0.000287625 0.000323541
Iteration 458: 0.000053333 0.000400709 0.000231041 0.000313500 0.000468542 0.000401000
Iteration 459: 0.000037708 0.000388209 0.000362125 0.000469667 0.000276041 0.001729833
Iteration 460: 0.000041584 0.000402833 0.000343833 0.000397458 0.000354667 0.000395625
Iteration 461: 0.000038208 0.000339416 0.000395667 0.000258041 0.000407292 0.000297875
Iteration 462: 0.000036333 0.000221125 0.000121417 0.000170208 0.000196875 0.000252625
Iteration 463: 0.000020708 0.000151750 0.000210042 0.000118417 0.000214417 0.000190833
Iteration 464: 0.000017250 0.000115834 0.000207750 0.000147583 0.000206458 0.000199791
Iteration 465: 0.000017292 0.000204583 0.000142208 0.000187625 0.000186042 0.000157250
Iteration 466: 0.000017167 0.000119250 0.000202208 0.000209459 0.000174875 0.000173250
Iteration 467: 0.000017292 0.000149875 0.000137333 0.000176542 0.000168209 0.000247916
Iteration 468: 0.000017167 0.000211917 0.000130250 0.000129167 0.000213541 0.000198042
Iteration 469: 0.000017083 0.000127334 0.000141542 0.000203667 0.000162875 0.000244458
Iteration 470: 0.000017166 0.000201209 0.000198084 0.000182333 0.000140666 0.000154750
Iteration 471: 0.000016959 0.000166833 0.000141250 0.000116042 0.000169000 0.000284166
Iteration 472: 0.000017083 0.000161583 0.000120667 0.000155209 0.000149916 0.000292834
Iteration 473: 0.000017125 0.000203417 0.000125792 0.000119416 0.000210917 0.000219166
Iteration 474: 0.000017084 0.000121250 0.000172000 0.000167333 0.000198625 0.000223542
Iteration 475: 0.000017208 0.000120834 0.000178209 0.000187291 0.000184708 0.000209250
Iteration 476: 0.000017084 0.000216916 0.000142417 0.000149625 0.000162541 0.000207375
Iteration 477: 0.000017292 0.000164708 0.000209083 0.000177667 0.000198166 0.000128125
Iteration 478: 0.000017125 0.000162875 0.000204041 0.000176500 0.000197667 0.000139000
Iteration 479: 0.000017250 0.000173542 0.000174292 0.000173042 0.000217792 0.000145417
Iteration 480: 0.000017000 0.000141958 0.000139625 0.000211041 0.000156750 0.000229958
Iteration 481: 0.000017041 0.000175791 0.000132458 0.000117292 0.000176666 0.000277375
Iteration 482: 0.000017208 0.000167667 0.000123875 0.000171667 0.000159666 0.000256792
Iteration 483: 0.000017125 0.000151084 0.000128375 0.000122375 0.000149334 0.000330375
Iteration 484: 0.000017083 0.000197042 0.000203500 0.000190542 0.000172250 0.000118875
Iteration 485: 0.000017208 0.000121042 0.000189167 0.000184958 0.000172333 0.000219417
Iteration 486: 0.000017208 0.000139416 0.000126583 0.000135500 0.000190375 0.000298041
Iteration 487: 0.000017166 0.000141250 0.000186334 0.000210416 0.000174125 0.000172583
Iteration 488: 0.000017209 0.000180791 0.000122334 0.000206959 0.000179584 0.000193709
Iteration 489: 0.000016917 0.000149291 0.000114583 0.000214250 0.000185166 0.000213208
Iteration 490: 0.000017042 0.000117084 0.000156667 0.000121916 0.000126125 0.000356833
Iteration 491: 0.000017042 0.000128166 0.000211250 0.000166416 0.000164542 0.000208750
Iteration 492: 0.000017083 0.000166500 0.000159375 0.000129833 0.000158167 0.000264625
Iteration 493: 0.000017166 0.000148917 0.000181958 0.000135667 0.000206250 0.000204916
Iteration 494: 0.000017125 0.000146041 0.000199667 0.000175834 0.000198208 0.000157250
Iteration 495: 0.000017042 0.000170666 0.000194208 0.000170583 0.000186042 0.000157209
Iteration 496: 0.000017083 0.000192584 0.000162292 0.000192417 0.000128083 0.000203375
Iteration 497: 0.000017125 0.000159083 0.000136083 0.000151417 0.000207791 0.000227250
Iteration 498: 0.000016916 0.000200542 0.000119708 0.000131042 0.000150000 0.000277917
Iteration 499: 0.000016917 0.000170333 0.000144625 0.000172791 0.000153917 0.000237708
Iteration 500: 0.000017125 0.000132041 0.000134833 0.000154000 0.000197625 0.000260625
Iteration 501: 0.000017250 0.000162000 0.000218250 0.000140000 0.000187542 0.000175208
Iteration 502: 0.000017166 0.000217583 0.000195917 0.000215709 0.000190209 0.000060166
Iteration 503: 0.000017166 0.000162000 0.000190084 0.000204709 0.000205583 0.000117000
Iteration 504: 0.000017084 0.000160291 0.000200792 0.000130709 0.000144709 0.000245500
Iteration 505: 0.000017208 0.000126792 0.000131209 0.000201500 0.000218292 0.000204708
Iteration 506: 0.000016959 0.000186916 0.000207875 0.000166250 0.000160375 0.000160833
Iteration 507: 0.000017084 0.000173875 0.000207000 0.000164333 0.000153042 0.000194917
Iteration 508: 0.000017209 0.000134041 0.000186333 0.000177500 0.000139000 0.000256666
Iteration 509: 0.000017000 0.000135959 0.000123500 0.000190334 0.000198334 0.000246250
Iteration 510: 0.000017000 0.000205833 0.000217208 0.000215791 0.000168917 0.000076791
Iteration 511: 0.000017291 0.000139917 0.000183583 0.000209541 0.000149250 0.000208917
Iteration 512: 0.000017250 0.000206416 0.000188166 0.000221750 0.000136833 0.000134916
Iteration 513: 0.000019208 0.000141167 0.000162709 0.000193000 0.000188208 0.000206125
Iteration 514: 0.000017208 0.000152917 0.000146625 0.000210209 0.000124417 0.000258208
Iteration 515: 0.000017125 0.000177250 0.000132375 0.000189000 0.000203458 0.000193833
Iteration 516: 0.000016875 0.000145292 0.000146041 0.000168292 0.000218042 0.000223958
Iteration 517: 0.000018625 0.000212875 0.000208583 0.000184708 0.000182292 0.000109500
Iteration 518: 0.000017334 0.000198083 0.000159292 0.000161791 0.000146708 0.000225292
Iteration 519: 0.000018084 0.000122500 0.000167375 0.000140125 0.000156791 0.000298958
Iteration 520: 0.000017959 0.000204250 0.000178250 0.000119083 0.000120125 0.000256583
Iteration 521: 0.000017042 0.000124875 0.000134084 0.000152125 0.000214167 0.000251250
Iteration 522: 0.000017042 0.000154208 0.000188333 0.000167167 0.000129208 0.000249166
Iteration 523: 0.000017041 0.000138000 0.008905833 0.000172417 0.000153625 0.000229208
Iteration 524: 0.000021250 0.000179625 0.000165042 0.000313792 0.000366250 0.000457375
Iteration 525: 0.000042584 0.000360917 0.000329167 0.000468583 0.000237417 0.000537875
Iteration 526: 0.000050333 0.000377708 0.000244291 0.000568625 0.000561500 0.000341583
Iteration 527: 0.000038125 0.000339458 0.000275750 0.000662167 0.000303333 0.000503291
Iteration 528: 0.000063458 0.000311125 0.000649625 0.000379500 0.000413250 0.000241584
Iteration 529: 0.000039500 0.000251375 0.000352792 0.000308291 0.000184541 0.000183208
Iteration 530: 0.000019375 0.000162125 0.000183291 0.000200750 0.000191125 0.000140916
Iteration 531: 0.000017542 0.000161167 0.000209167 0.000141250 0.000191041 0.000181250
Iteration 532: 0.000017292 0.000133292 0.000129000 0.000165250 0.000146208 0.000312375
Iteration 533: 0.000017000 0.000215250 0.000226333 0.000174208 0.000165459 0.000116458
Iteration 534: 0.000017375 0.000171041 0.000226583 0.000194417 0.000170584 0.000137000
Iteration 535: 0.000017417 0.000183791 0.000212792 0.000124833 0.000211875 0.000168083
Iteration 536: 0.000017250 0.000123875 0.000203583 0.000125542 0.000201541 0.000243875
Iteration 537: 0.000018667 0.000153500 0.000207625 0.000171375 0.000194041 0.000173209
Iteration 538: 0.000017375 0.000203417 0.000161792 0.000196958 0.000192084 0.000135750
Iteration 539: 0.000017125 0.000120292 0.000166667 0.000133833 0.000144042 0.000324541
Iteration 540: 0.000017042 0.000166208 0.000123458 0.000183041 0.000202875 0.000218458
Iteration 541: 0.000017167 0.000145334 0.000186542 0.000116333 0.000201334 0.000242959
Iteration 542: 0.000017417 0.000220792 0.000196167 0.000120916 0.000171833 0.000180042
Iteration 543: 0.000017000 0.000124625 0.000155083 0.000208083 0.000144417 0.000272416
Iteration 544: 0.000017291 0.000165417 0.000141667 0.000173583 0.000115292 0.000305750
Iteration 545: 0.000017416 0.000122750 0.000136792 0.000178416 0.000208459 0.000247709
Iteration 546: 0.000017375 0.000187792 0.000127000 0.000136625 0.000192750 0.000242208
Iteration 547: 0.000017167 0.000151458 0.000213834 0.000116041 0.000121333 0.000299625
Iteration 548: 0.000018875 0.000172666 0.000197958 0.000210125 0.000125750 0.000189000
Iteration 549: 0.000018625 0.000205125 0.000160417 0.000189417 0.000170958 0.000182792
Iteration 550: 0.000018500 0.000171042 0.000175833 0.000197750 0.000177625 0.000173958
Iteration 551: 0.000019583 0.000151375 0.000201042 0.000201708 0.000181875 0.000157000
Iteration 552: 0.000018125 0.000215666 0.000130125 0.000182500 0.000134541 0.000228458
Iteration 553: 0.000018041 0.000170459 0.000179834 0.000221584 0.000187834 0.000130250
Iteration 554: 0.000016875 0.000156375 0.000144083 0.000146708 0.000195292 0.000254166
Iteration 555: 0.000017000 0.000170333 0.000164167 0.000166292 0.000127625 0.000269500
Iteration 556: 0.000016958 0.000117417 0.000180416 0.000163209 0.000211417 0.000221041
Iteration 557: 0.000016958 0.000194584 0.000160375 0.000186125 0.000219083 0.000133583
Iteration 558: 0.000018250 0.000175000 0.000144916 0.000205292 0.000183333 0.000184500
Iteration 559: 0.000018167 0.000205375 0.000130875 0.000201333 0.000122417 0.000231208
Iteration 560: 0.000018000 0.000218875 0.000121917 0.000133042 0.000173791 0.000251458
Iteration 561: 0.000018834 0.000175417 0.000117250 0.000214417 0.000153292 0.000235916
Iteration 562: 0.000018500 0.000137917 0.000162750 0.000157708 0.000201083 0.000231625
Iteration 563: 0.000019000 0.000144250 0.000149042 0.000155917 0.000160791 0.000282167
Iteration 564: 0.000017042 0.000215917 0.000182750 0.000133583 0.000158250 0.000201792
Iteration 565: 0.000017083 0.000185542 0.000169000 0.000193875 0.000204208 0.000149125
Iteration 566: 0.000017458 0.000209250 0.000156333 0.000142667 0.000164083 0.000217500
Iteration 567: 0.000017250 0.000141000 0.000142708 0.000191750 0.000167208 0.000246333
Iteration 568: 0.000017042 0.000193416 0.000171208 0.000155667 0.000211542 0.000154209
Iteration 569: 0.000016959 0.000118208 0.000123916 0.000196584 0.000219750 0.000227000
Iteration 570: 0.000016917 0.000211833 0.000169625 0.000213625 0.000191541 0.000092500
Iteration 571: 0.000017125 0.000119958 0.000139541 0.000122459 0.000146416 0.000353917
Iteration 572: 0.000018000 0.000121584 0.000143667 0.000205708 0.000168375 0.000245416
Iteration 573: 0.000017125 0.000156834 0.000210667 0.000167250 0.000116167 0.000236042
Iteration 574: 0.000017208 0.000122458 0.000139542 0.000202250 0.000115083 0.000316333
Iteration 575: 0.000017000 0.000187291 0.000138333 0.000150334 0.000118666 0.000293334
Iteration 576: 0.000018416 0.000139459 0.000117209 0.000134958 0.000149625 0.000349334
Iteration 577: 0.000017042 0.000165167 0.000117250 0.000190792 0.000200083 0.000218916
Iteration 578: 0.000017125 0.000203250 0.000211041 0.000165167 0.000170166 0.000148334
Iteration 579: 0.000018125 0.000220959 0.000147250 0.000145750 0.000176833 0.000202792
Iteration 580: 0.000017125 0.000217625 0.000160458 0.000212625 0.000133458 0.000166000
Iteration 581: 0.000017125 0.000158542 0.000213667 0.000200708 0.000186667 0.000138209
Iteration 582: 0.000018667 0.000200125 0.000166041 0.000202583 0.000209459 0.000127459
Iteration 583: 0.000017250 0.000216709 0.000122667 0.000132750 0.000152125 0.000267500
Iteration 584: 0.000017000 0.000158417 0.000177625 0.000193667 0.000150459 0.000205292
Iteration 585: 0.000017209 0.000194500 0.000162834 0.000130167 0.000170083 0.000226084
Iteration 586: 0.000017167 0.000214667 0.000130084 0.000183750 0.000185792 0.000176583
Iteration 587: 0.000016958 0.000162542 0.000214333 0.000197750 0.000176875 0.000156709
Iteration 588: 0.000017375 0.000216625 0.000193083 0.000196625 0.000130792 0.000157583
Iteration 589: 0.000018041 0.000160375 0.000197334 0.000143375 0.000156750 0.000229417
Iteration 590: 0.000017375 0.000154792 0.000199208 0.000184333 0.000116875 0.000227042
Iteration 591: 0.000017250 0.000175500 0.000178125 0.000196250 0.000203958 0.000125417
Iteration 592: 0.000017209 0.000156333 0.000155041 0.000154542 0.000139250 0.000275375
Iteration 593: 0.000017000 0.000197292 0.000203958 0.000169875 0.000130833 0.000176375
Iteration 594: 0.000017125 0.000166791 0.000158750 0.000159500 0.000219500 0.000180459
Iteration 595: 0.000017000 0.000148084 0.000133542 0.000153333 0.000179875 0.000281292
Iteration 596: 0.000017417 0.000136875 0.000136041 0.000193542 0.000178708 0.000244083
Iteration 597: 0.000017209 0.000152625 0.000136792 0.000122000 0.000155041 0.000322583
Iteration 598: 0.000017292 0.000157167 0.000182542 0.000126541 0.000176000 0.000250792
Iteration 599: 0.000018250 0.000206709 0.000213667 0.000150875 0.000204292 0.000110250
Iteration 600: 0.000016959 0.000168458 0.000122625 0.000157125 0.000182833 0.000249042
Iteration 601: 0.000017208 0.000183209 0.000208834 0.000128625 0.000149750 0.000209083
Iteration 602: 0.002016167 0.000429125 0.000503125 0.000392875 0.000273250 0.000337083
Iteration 603: 0.000081125 0.000450833 0.000528833 0.000389458 0.000293333 0.000839042
Iteration 604: 0.000042000 0.000412500 0.000635542 0.000426208 0.000291083 0.000138917
Iteration 605: 0.000020208 0.000129792 0.000204000 0.000177917 0.000191500 0.000182458
Iteration 606: 0.000017500 0.000172083 0.000165583 0.000212750 0.000148250 0.000179792
Iteration 607: 0.000017250 0.000174833 0.000137917 0.000189500 0.000168959 0.000208292
Iteration 608: 0.000017125 0.000193375 0.000118583 0.000144084 0.000172917 0.000362750
Iteration 609: 0.000019917 0.000210583 0.000136584 0.000172334 0.000149166 0.000211750
Iteration 610: 0.000017750 0.000116208 0.000175958 0.000133333 0.000197333 0.000258667
Iteration 611: 0.000017250 0.000120167 0.000145333 0.000156750 0.000217041 0.000242542
Iteration 612: 0.000017834 0.000130625 0.000139000 0.000143084 0.000143916 0.000326292
Iteration 613: 0.000017958 0.000164375 0.001027209 0.000202542 0.000194417 0.000174250
Iteration 614: 0.000021750 0.000210959 0.000148167 0.000200333 0.000126416 0.000191167
Iteration 615: 0.000017792 0.000147334 0.000131834 0.000115583 0.000168083 0.000293292
Iteration 616: 0.000016917 0.000176625 0.000194375 0.000127208 0.000186041 0.000198500
Iteration 617: 0.000017125 0.000143709 0.000133625 0.000210042 0.000133500 0.000274167
Iteration 618: 0.000017041 0.000140875 0.000121583 0.000205459 0.000128875 0.000289000
Iteration 619: 0.000017125 0.000161459 0.000211542 0.000190625 0.000175167 0.000138625
Iteration 620: 0.000017083 0.000215750 0.000178000 0.000126042 0.000118500 0.000244833
Iteration 621: 0.000017166 0.000153167 0.000182708 0.000133708 0.000152625 0.000255000
Iteration 622: 0.000017084 0.000203791 0.000210500 0.000145084 0.000128875 0.000189500
Iteration 623: 0.000017167 0.000197708 0.000147709 0.000121416 0.000132792 0.000277333
Iteration 624: 0.000017042 0.000195750 0.000187625 0.000144750 0.000217666 0.000133833
Iteration 625: 0.000017292 0.000203250 0.000159209 0.000186833 0.000200833 0.000128209
Iteration 626: 0.000017167 0.000209375 0.000178417 0.000196583 0.000156833 0.000137209
Iteration 627: 0.000017042 0.000160292 0.000128084 0.000144917 0.000141292 0.000303125
Iteration 628: 0.000017208 0.000154375 0.000137500 0.000166000 0.000173666 0.000246792
Iteration 629: 0.000017084 0.000198125 0.000115542 0.000213583 0.000158167 0.000206583
Iteration 630: 0.000017292 0.000178333 0.000175166 0.000196750 0.000196125 0.000151958
Iteration 631: 0.000017208 0.000184584 0.000153125 0.000143541 0.000186333 0.000212792
Iteration 632: 0.000016916 0.000161625 0.000141833 0.000177292 0.000149000 0.000250334
Iteration 633: 0.000017125 0.000185500 0.000168458 0.000126542 0.000143708 0.000260750
Iteration 634: 0.000017250 0.000167000 0.000163584 0.000161834 0.000126250 0.000266334
Iteration 635: 0.000017209 0.000120166 0.000187000 0.000157167 0.000193125 0.000229666
Iteration 636: 0.000023583 0.000207000 0.000178708 0.000143667 0.000206625 0.000149167
Iteration 637: 0.000017458 0.000190584 0.000212167 0.000210500 0.000114416 0.000152958
Iteration 638: 0.000016958 0.000141125 0.000161333 0.000206250 0.000191083 0.000180833
Iteration 639: 0.000017375 0.000154708 0.000210459 0.000160875 0.000170542 0.000188250
Iteration 640: 0.000017250 0.000136000 0.000185375 0.000207416 0.000193792 0.000161000
Iteration 641: 0.000017375 0.000146042 0.000214334 0.000214250 0.000118708 0.000185208
Iteration 642: 0.000017250 0.000167666 0.000120333 0.000206709 0.000127834 0.000257125
Iteration 643: 0.000017209 0.000184791 0.000171792 0.000183625 0.000153875 0.000185458
Iteration 644: 0.000017083 0.000193000 0.000135625 0.000117333 0.000132625 0.000315917
Iteration 645: 0.000017250 0.000213875 0.000171375 0.000135917 0.000159708 0.000206833
Iteration 646: 0.000017167 0.000186208 0.000211166 0.000135375 0.000162958 0.000183583
Iteration 647: 0.000017292 0.000120458 0.000205833 0.000201625 0.000189542 0.000159875
Iteration 648: 0.000017000 0.000197500 0.000120250 0.000180542 0.000130666 0.000247667
Iteration 649: 0.000017084 0.000150417 0.000168584 0.000196250 0.000115833 0.000246042
Iteration 650: 0.000017250 0.000190334 0.000174584 0.000127292 0.000193208 0.000191708
Iteration 651: 0.000017166 0.000191125 0.000182125 0.000202667 0.000125500 0.000178166
Iteration 652: 0.000017167 0.000171333 0.000153250 0.000146208 0.000186250 0.000220292
Iteration 653: 0.000017125 0.000129792 0.000148667 0.000162625 0.000190709 0.000251750
Iteration 654: 0.000017125 0.000209209 0.000178459 0.000152625 0.000125375 0.000217000
Iteration 655: 0.000017125 0.000185708 0.000124167 0.000207291 0.000135334 0.000223792
Iteration 656: 0.000017125 0.000181291 0.000199417 0.000165084 0.000164792 0.000166125
Iteration 657: 0.000016959 0.000173166 0.000200417 0.000145167 0.000140125 0.000220042
Iteration 658: 0.000017292 0.000171417 0.000137209 0.000115166 0.000146709 0.000306167
Iteration 659: 0.000017125 0.000156208 0.000191208 0.000183459 0.000129709 0.000218250
Iteration 660: 0.000017208 0.000191834 0.000130000 0.000175959 0.000166584 0.000214834
Iteration 661: 0.000017167 0.000205708 0.000125667 0.000164250 0.000171000 0.000216041
Iteration 662: 0.000017167 0.000144250 0.000147875 0.000181583 0.000161625 0.000245750
Iteration 663: 0.000017166 0.000136709 0.000177125 0.000160583 0.000185000 0.000268167
Iteration 664: 0.000018375 0.000201917 0.000144459 0.000158125 0.000133416 0.000252375
Iteration 665: 0.000017209 0.000202500 0.000213458 0.000189792 0.000165375 0.000129667
Iteration 666: 0.000017041 0.000136000 0.000171625 0.000127083 0.000140542 0.000306084
Iteration 667: 0.000017292 0.000128125 0.000191875 0.000144250 0.000215875 0.000204709
Iteration 668: 0.000017041 0.000202084 0.000144250 0.000164834 0.000162208 0.000206458
Iteration 669: 0.000017166 0.000120084 0.000154708 0.000210166 0.000175250 0.000218958
Iteration 670: 0.000017083 0.000156542 0.000147000 0.000204292 0.000197166 0.000171792
Iteration 671: 0.000016917 0.000160958 0.000216708 0.000125542 0.000155917 0.000217584
Iteration 672: 0.000017209 0.000175291 0.000165042 0.000115583 0.000139541 0.000294375
Iteration 673: 0.000017125 0.000141792 0.000131334 0.000119375 0.000180750 0.000306541
Iteration 674: 0.000017125 0.000185125 0.000177375 0.000185292 0.000185417 0.000144334
Iteration 675: 0.000017125 0.000207250 0.000209541 0.000133084 0.000182750 0.000145250
Iteration 676: 0.000017042 0.000202834 0.000198709 0.000131166 0.000166709 0.000179375
Iteration 677: 0.000017500 0.000207625 0.000148583 0.000143458 0.000188042 0.000193000
Iteration 678: 0.000017000 0.000192209 0.000140084 0.000122333 0.000191208 0.000232458
Iteration 679: 0.000017875 0.000156375 0.000206291 0.000161709 0.000157250 0.000203084
Iteration 680: 0.000017125 0.000152750 0.000142292 0.000187250 0.000146167 0.000254333
Iteration 681: 0.000017291 0.000195459 0.000139416 0.000128292 0.000157042 0.000262125
Iteration 682: 0.000017083 0.000176709 0.000190084 0.000119834 0.000158834 0.000235459
Iteration 683: 0.000017125 0.000211667 0.000216958 0.000199708 0.000193750 0.000055084
Iteration 684: 0.000026042 0.000124917 0.000161209 0.000130666 0.000135584 0.000326750
Iteration 685: 0.000027167 0.000217917 0.000164875 0.000202208 0.000130375 0.000164625
Iteration 686: 0.000017167 0.000114750 0.000133917 0.000214541 0.000197208 0.000220167
Iteration 687: 0.000017000 0.000188709 0.000162042 0.000181375 0.000154917 0.000191375
Iteration 688: 0.000017125 0.000199041 0.000208125 0.000144458 0.000121000 0.000233291
Iteration 689: 0.000017875 0.000207875 0.000144875 0.000199708 0.000208333 0.000135042
Iteration 690: 0.000017292 0.000197666 0.000127584 0.000158917 0.000200375 0.000207125
Iteration 691: 0.000017542 0.000191958 0.000192792 0.000195250 0.000169875 0.000132334
Iteration 692: 0.000017292 0.000170375 0.000210292 0.000214250 0.000163833 0.000123375
Iteration 693: 0.000017208 0.000142417 0.000156000 0.000129209 0.000196125 0.000261333
Iteration 694: 0.000017166 0.000125167 0.000166250 0.000195500 0.000136917 0.000276750
Iteration 695: 0.000017500 0.000157625 0.000167542 0.000150834 0.000173542 0.000234667
Iteration 696: 0.000017166 0.000196167 0.000179542 0.000216042 0.000158000 0.000135458
Iteration 697: 0.000017292 0.000205208 0.000177625 0.000131208 0.000218375 0.000152875
Iteration 698: 0.000017125 0.000148708 0.000197500 0.000138750 0.000204667 0.000193750
Iteration 699: 0.000017209 0.000213583 0.000182292 0.000147458 0.000175125 0.000162792
Iteration 700: 0.000017209 0.000171666 0.000213417 0.000145416 0.000195709 0.000155042
Iteration 701: 0.000017375 0.000216875 0.000184042 0.000174584 0.000146417 0.000159750
Iteration 702: 0.000017167 0.000187750 0.000156583 0.000124250 0.000186750 0.000224042
Iteration 703: 0.000016959 0.000216958 0.000212500 0.000117125 0.000158750 0.000173667
Iteration 704: 0.000017125 0.000139583 0.000203708 0.000124666 0.000202584 0.000212250
Iteration 705: 0.000017042 0.000199000 0.000150375 0.000218375 0.000143750 0.000168209
Iteration 706: 0.000017250 0.000119375 0.000155667 0.000214292 0.000201417 0.000193875
Iteration 707: 0.000017167 0.000209667 0.000144500 0.000134334 0.000118292 0.000272667
Iteration 708: 0.000017125 0.000203625 0.000160666 0.000187250 0.000131417 0.000290583
Iteration 709: 0.000018875 0.000181250 0.000205458 0.000120625 0.000126916 0.000249792
Iteration 710: 0.000017125 0.000131916 0.000210833 0.000182084 0.000149166 0.000218750
Iteration 711: 0.000017041 0.000157334 0.000212250 0.000171792 0.000189208 0.000175125
Iteration 712: 0.000017208 0.000186667 0.000182667 0.000123791 0.000164584 0.000241292
Iteration 713: 0.000017375 0.000214209 0.000137833 0.000170750 0.000162500 0.000194375
Iteration 714: 0.000016958 0.019131292 0.000288167 0.000478334 0.000422958 0.000338042
Iteration 715: 0.000042750 0.000516916 0.000237041 0.000382083 0.000362750 0.000523250
Iteration 716: 0.000038042 0.000444541 0.000240583 0.000253125 0.000237916 0.000579375
Iteration 717: 0.000037875 0.000356334 0.000240542 0.000255417 0.000303083 0.000685583
Iteration 718: 0.000036833 0.000433958 0.000384667 0.000382375 0.000316750 0.000276291
Iteration 719: 0.000037250 0.000274917 0.000333500 0.000357792 0.000231041 0.000846583
Iteration 720: 0.000018917 0.000163500 0.000160292 0.000211542 0.000187458 0.000173166
Iteration 721: 0.000017083 0.000213959 0.000152667 0.000131375 0.000193750 0.000202167
Iteration 722: 0.000020750 0.000126333 0.000154916 0.000121000 0.000211375 0.000277625
Iteration 723: 0.000017208 0.000206250 0.000174417 0.000126666 0.000133042 0.000250833
Iteration 724: 0.000017125 0.000210875 0.000127208 0.000223333 0.000140375 0.000235208
Iteration 725: 0.000017583 0.000162833 0.000197125 0.000144041 0.000160666 0.000230750
Iteration 726: 0.000017291 0.000208042 0.000183125 0.000218709 0.000180875 0.000104833
Iteration 727: 0.000017166 0.000125250 0.000173542 0.000197750 0.000197833 0.000193833
Iteration 728: 0.000017250 0.000188917 0.000155208 0.000150250 0.000139417 0.000248541
Iteration 729: 0.000017167 0.000118625 0.000176584 0.000155625 0.000198916 0.000241708
Iteration 730: 0.000017334 0.000134750 0.000206542 0.000168959 0.000191083 0.000193083
Iteration 731: 0.000017250 0.000140417 0.000169750 0.000208209 0.000154583 0.000205750
Iteration 732: 0.000017250 0.000209292 0.000151000 0.000217708 0.000167542 0.000135334
Iteration 733: 0.000016959 0.000156541 0.000117875 0.000123500 0.000150333 0.000334000
Iteration 734: 0.000017125 0.000176083 0.000169000 0.000139459 0.000205791 0.000200292
Iteration 735: 0.000017000 0.000211709 0.000188417 0.000207041 0.000132333 0.000150000
Iteration 736: 0.000017375 0.000219166 0.000162292 0.000201291 0.000208542 0.000106625
Iteration 737: 0.000017459 0.000166416 0.000176500 0.000146292 0.000143458 0.000278584
Iteration 738: 0.000017542 0.000125583 0.000170375 0.000192875 0.000126541 0.000283375
Iteration 739: 0.000017042 0.000124958 0.000215708 0.000166875 0.000144625 0.000243708
Iteration 740: 0.000017000 0.000142750 0.000156250 0.000163250 0.000144375 0.000289291
Iteration 741: 0.000018625 0.000206041 0.000214958 0.000133667 0.000206375 0.000186417
Iteration 742: 0.000018417 0.000118709 0.000203709 0.000217834 0.000201917 0.000148583
Iteration 743: 0.000018250 0.000163208 0.000143167 0.000136541 0.000210459 0.000249875
Iteration 744: 0.000020292 0.000213333 0.000169125 0.000121125 0.000124084 0.000262000
Iteration 745: 0.000018125 0.000198250 0.000182625 0.000128333 0.000145375 0.000239250
Iteration 746: 0.000016916 0.000168709 0.000153542 0.000194542 0.000190583 0.000187375
Iteration 747: 0.000017042 0.000206292 0.000216667 0.000209583 0.000200542 0.000057375
Iteration 748: 0.000018333 0.000199417 0.000135166 0.000208959 0.000210917 0.000135750
Iteration 749: 0.000018000 0.000217459 0.000159250 0.000117917 0.000206708 0.000197958
Iteration 750: 0.000018000 0.000137041 0.000217708 0.000143667 0.000154625 0.000238125
Iteration 751: 0.000017959 0.000183541 0.000212041 0.000174417 0.000173166 0.000149500
Iteration 752: 0.000017000 0.000170083 0.000137375 0.000155083 0.000168417 0.000262584
Iteration 753: 0.000017208 0.000143167 0.000145625 0.000179375 0.000128542 0.000295791
Iteration 754: 0.000018083 0.000148625 0.000148375 0.000159458 0.000198000 0.000236708
Iteration 755: 0.000018000 0.000133083 0.000133625 0.000197000 0.000190500 0.000236041
Iteration 756: 0.000018166 0.000146417 0.000131833 0.000121042 0.000118750 0.000370459
Iteration 757: 0.000018042 0.000153833 0.000209083 0.000146000 0.000143583 0.000234000
Iteration 758: 0.000018292 0.000175458 0.000196500 0.000201250 0.000137375 0.000179084
Iteration 759: 0.000019417 0.000156875 0.000226708 0.000124958 0.000187917 0.000212959
Iteration 760: 0.000017167 0.000216542 0.000136500 0.000217625 0.000192042 0.000134583
Iteration 761: 0.000016917 0.000215041 0.000207458 0.000155875 0.000200250 0.000116583
Iteration 762: 0.000018375 0.000227208 0.000178125 0.000149458 0.000149334 0.000210750
Iteration 763: 0.000018375 0.000163375 0.000198541 0.000182292 0.000195459 0.000155500
Iteration 764: 0.000018125 0.000218667 0.000186375 0.000194625 0.000160666 0.000130833
Iteration 765: 0.000017167 0.000171500 0.000115375 0.000187458 0.000188958 0.000230250
Iteration 766: 0.000017250 0.000195792 0.000202500 0.000141000 0.000218500 0.000134625
Iteration 767: 0.000017083 0.000121042 0.000172792 0.000149333 0.000194833 0.000256708
Iteration 768: 0.000018416 0.000201709 0.000146750 0.000117666 0.000117917 0.000310750
Iteration 769: 0.000018542 0.000190041 0.000151708 0.000190500 0.000149917 0.000213166
Iteration 770: 0.000018375 0.000206417 0.000163750 0.000198625 0.000222583 0.000104208
Iteration 771: 0.000020041 0.000177500 0.000187417 0.000171708 0.000148250 0.000205250
Iteration 772: 0.000017125 0.000219084 0.000136458 0.000160459 0.000130416 0.000244958
Iteration 773: 0.000017208 0.000131417 0.000209750 0.000191875 0.000196792 0.000162417
Iteration 774: 0.000018000 0.000173000 0.000173125 0.000141958 0.000207750 0.000197416
Iteration 775: 0.000018125 0.000163375 0.000174375 0.000120500 0.000161042 0.000269416
Iteration 776: 0.000018083 0.000184792 0.000168292 0.000151625 0.000133584 0.000252209
Iteration 777: 0.000018167 0.000158625 0.000141625 0.000163084 0.000175375 0.000252333
Iteration 778: 0.000017125 0.000138083 0.000197917 0.000196166 0.000119834 0.000239416
Iteration 779: 0.000017000 0.000117333 0.000173750 0.000196583 0.000199959 0.000205042
Iteration 780: 0.000018041 0.000137375 0.000135250 0.000184208 0.000140000 0.000298333
Iteration 781: 0.000018917 0.000153750 0.000171000 0.000172584 0.000151167 0.000247958
Iteration 782: 0.000019583 0.000180500 0.000155500 0.000199958 0.000117167 0.000237750
Iteration 783: 0.000018375 0.000163333 0.000116875 0.000238333 0.000116917 0.000275209
Iteration 784: 0.000018125 0.000196959 0.000181458 0.000183125 0.000218750 0.000112916
Iteration 785: 0.000016958 0.000208125 0.000221375 0.000132375 0.000153625 0.000182000
Iteration 786: 0.000017125 0.000147041 0.000177042 0.000209334 0.000201417 0.000161167
Iteration 787: 0.000018125 0.000172292 0.000202958 0.000166125 0.000121375 0.000228750
Iteration 788: 0.000017917 0.000204917 0.000119834 0.000118958 0.000117000 0.000329500
Iteration 789: 0.000017959 0.000182166 0.000194792 0.000204625 0.000190333 0.000118875
Iteration 790: 0.000017917 0.000139583 0.000123041 0.000152250 0.000128583 0.000345875
Iteration 791: 0.000016916 0.000135542 0.000166500 0.000188500 0.000128875 0.000270583
Iteration 792: 0.000016958 0.000120042 0.000128625 0.000164416 0.000188209 0.000292750
Iteration 793: 0.000018500 0.000189333 0.000117959 0.000181666 0.000182750 0.000221500
Iteration 794: 0.000018209 0.000178958 0.000140291 0.000161833 0.000137625 0.000270791
Iteration 795: 0.000018041 0.000128500 0.000135708 0.000150917 0.000137583 0.000337916
Iteration 796: 0.000018083 0.000203292 0.000138791 0.000116834 0.000140125 0.000292958
Iteration 797: 0.000017333 0.000195625 0.000144958 0.000146708 0.000143666 0.000259250
Iteration 798: 0.000017000 0.000139625 0.000135916 0.000183708 0.000220375 0.000213250
Iteration 799: 0.000016875 0.000144125 0.000206416 0.000131000 0.000132292 0.000279125
Iteration 800: 0.000018084 0.000218041 0.000208083 0.000131042 0.000181708 0.000149958
Iteration 801: 0.000017958 0.000175125 0.000146834 0.000169875 0.000153458 0.000241750
Iteration 802: 0.000018167 0.000166750 0.000166958 0.000227958 0.000165125 0.000170500
Iteration 803: 0.000018500 0.000219584 0.000144750 0.000202208 0.000165375 0.000164875
Iteration 804: 0.000017209 0.000219917 0.000208833 0.000191875 0.000129792 0.000162375
Iteration 805: 0.000016958 0.000203750 0.000128000 0.000190000 0.000149000 0.000224875
Iteration 806: 0.000018208 0.000161542 0.000171084 0.000148375 0.000219083 0.000194750
Iteration 807: 0.000018417 0.000173916 0.000209000 0.000199750 0.000118666 0.000197750
Iteration 808: 0.000018167 0.000119417 0.000119250 0.000161958 0.000141000 0.000363083
Iteration 809: 0.000018291 0.000179375 0.000153125 0.000128250 0.000218417 0.000211750
Iteration 810: 0.000017292 0.000217833 0.000189083 0.000126625 0.000197959 0.000161209
Iteration 811: 0.000016917 0.000155875 0.000118708 0.000128625 0.000207125 0.000282500
Iteration 812: 0.000018084 0.000198667 0.000122084 0.000179666 0.000186167 0.000207083
Iteration 813: 0.000018209 0.000211625 0.000153709 0.000130166 0.000131167 0.000267875
Iteration 814: 0.000018792 0.000148833 0.000121000 0.000197292 0.000209417 0.000222459
Iteration 815: 0.000018625 0.000216583 0.000172833 0.000185667 0.000127583 0.000187750
Iteration 816: 0.000016958 0.000166209 0.000184292 0.000201916 0.000140000 0.000201958
Iteration 817: 0.000017000 0.000199167 0.000144667 0.000218500 0.000204542 0.000125791
Iteration 818: 0.000017000 0.000145458 0.000221125 0.000142458 0.000178250 0.000203208
Iteration 819: 0.000018125 0.000193000 0.000165459 0.000210959 0.000168750 0.000155625
Iteration 820: 0.000018291 0.000140042 0.000173250 0.000212916 0.000210167 0.000153834
Iteration 821: 0.000018167 0.000169750 0.000167083 0.000148291 0.000220084 0.000182167
Iteration 822: 0.000017958 0.000158792 0.000196291 0.000196542 0.000169667 0.000171125
Iteration 823: 0.000017167 0.000119458 0.000220000 0.000135958 0.000222916 0.000201625
Iteration 824: 0.000017041 0.000168709 0.000214042 0.000176834 0.000129708 0.000222042
Iteration 825: 0.000017125 0.000219208 0.000171584 0.000189667 0.000209041 0.000128750
Iteration 826: 0.000017166 0.000134584 0.000128584 0.000156334 0.000175458 0.000300708
Iteration 827: 0.000017000 0.000169708 0.000131916 0.000170084 0.000169125 0.000252334
Iteration 828: 0.000018417 0.000219125 0.000130958 0.000172000 0.000195916 0.000172875
Iteration 829: 0.000018125 0.000206041 0.000189750 0.000153791 0.000142459 0.000200750
Iteration 830: 0.000018542 0.000217500 0.000202750 0.000133667 0.000158000 0.000178667
Iteration 831: 0.000018167 0.000141667 0.000221333 0.000315541 0.000337292 0.000274625
Iteration 832: 0.000056500 0.000233125 0.000365333 0.000408500 0.000236458 0.000525041
Iteration 833: 0.000037875 0.000389000 0.000307000 0.000325667 0.000324750 0.000445334
Iteration 834: 0.000039458 0.000664209 0.000305708 0.000327667 0.000395500 0.000454666
Iteration 835: 0.000041667 0.000292083 0.000369709 0.000398875 0.000267125 0.000418500
Iteration 836: 0.000039667 0.000332292 0.000880875 0.000123583 0.000195458 0.000203333
Iteration 837: 0.000022625 0.000137458 0.000121750 0.000205792 0.000145083 0.000293416
Iteration 838: 0.000017334 0.000189166 0.000159458 0.000275083 0.000220125 0.000133625
Iteration 839: 0.000017292 0.000208167 0.000210000 0.000183666 0.000209667 0.000084584
Iteration 840: 0.000018292 0.000127583 0.000190084 0.000124250 0.000181708 0.000282791
Iteration 841: 0.000021875 0.000166417 0.000198000 0.000194875 0.000173542 0.000169500
Iteration 842: 0.000018625 0.000154833 0.000168333 0.000195541 0.000131750 0.000248000
Iteration 843: 0.000018500 0.000197750 0.000212250 0.000185125 0.000122208 0.000178708
Iteration 844: 0.000017291 0.000180167 0.000211750 0.000196666 0.000154167 0.000157875
Iteration 845: 0.000017167 0.000212125 0.000164083 0.000149584 0.000184708 0.000194708
Iteration 846: 0.000017042 0.000179083 0.000214167 0.000172541 0.000205208 0.000124875
Iteration 847: 0.000018042 0.000174166 0.000205708 0.000153625 0.000214750 0.000143500
Iteration 848: 0.000018042 0.000218000 0.000155250 0.000140125 0.000186833 0.000193417
Iteration 849: 0.000018334 0.000202708 0.000185333 0.000136875 0.000162625 0.000205750
Iteration 850: 0.000018375 0.000133042 0.000137959 0.000188792 0.000153458 0.000278041
Iteration 851: 0.000017083 0.000237417 0.000278875 0.000446042 0.000137541 0.000278667
Iteration 852: 0.000020667 0.000184125 0.000160417 0.000209333 0.000208666 0.000131125
Iteration 853: 0.000018625 0.000193875 0.000142625 0.000143291 0.000192125 0.000218917
Iteration 854: 0.000018708 0.000205209 0.000199292 0.000145042 0.000118000 0.000236292
Iteration 855: 0.000018875 0.000191833 0.000211958 0.000176542 0.000134042 0.000177834
Iteration 856: 0.000019250 0.000197625 0.000156458 0.000177833 0.000160917 0.000200625
Iteration 857: 0.000017292 0.000164208 0.000200375 0.000195625 0.000121541 0.000216083
Iteration 858: 0.000017458 0.000191167 0.000135875 0.000139000 0.000127000 0.000311875
Iteration 859: 0.000018292 0.000123417 0.000133625 0.000167667 0.000201125 0.000264500
Iteration 860: 0.000018417 0.000169083 0.000130875 0.000196750 0.000217208 0.000213791
Iteration 861: 0.000019042 0.000153709 0.000211042 0.000265834 0.000126625 0.000256791
Iteration 862: 0.000018875 0.000191375 0.000171416 0.000140833 0.000167875 0.000233416
Iteration 863: 0.000017250 0.000132125 0.000180584 0.000297084 0.000289792 0.000496417
Iteration 864: 0.000042250 0.000392959 0.000265125 0.000308375 0.000367209 0.000892208
Iteration 865: 0.000038833 0.000960291 0.000419083 0.000307625 0.000482834 0.000463708
Iteration 866: 0.000043666 0.000253334 0.000563375 0.000407250 0.000224542 0.000229459
Iteration 867: 0.000020625 0.000143000 0.000149875 0.000216708 0.000160083 0.000239208
Iteration 868: 0.000018334 0.000211166 0.000200125 0.000146833 0.000153458 0.000177041
Iteration 869: 0.000018083 0.000198667 0.000131125 0.000198708 0.000149667 0.000213750
Iteration 870: 0.000017083 0.000209000 0.000132250 0.000163958 0.000139500 0.000251125
Iteration 871: 0.000017125 0.000217583 0.000207500 0.000145709 0.000220541 0.000106833
Iteration 872: 0.000018083 0.000255833 0.000126042 0.000118709 0.000229958 0.000410792
Iteration 873: 0.000019667 0.000189667 0.000203750 0.000204959 0.000181750 0.000115708
Iteration 874: 0.000018333 0.000212709 0.000222334 0.000136333 0.000210958 0.000115167
Iteration 875: 0.000018584 0.000176667 0.000131709 0.000117291 0.000174875 0.000294792
Iteration 876: 0.000017167 0.000173667 0.000150375 0.000176750 0.000212625 0.000267333
Iteration 877: 0.000017542 0.000166000 0.000136417 0.000226125 0.000128667 0.000251958
Iteration 878: 0.000017333 0.000198000 0.000220708 0.000204875 0.000124917 0.000144750
Iteration 879: 0.000018083 0.000165084 0.000202792 0.000183083 0.000176208 0.000165375
Iteration 880: 0.000019875 0.000133250 0.000141417 0.000211875 0.000266458 0.000445791
Iteration 881: 0.000021125 0.000509917 0.001126667 0.000180000 0.000163042 0.000172625
Iteration 882: 0.000021125 0.000214834 0.000197416 0.000176583 0.000268334 0.000164125
Iteration 883: 0.000018709 0.000197125 0.000140375 0.000177083 0.000134375 0.000252125
Iteration 884: 0.000017541 0.000176958 0.000153084 0.000201834 0.000199292 0.000161875
Iteration 885: 0.000026750 0.000207250 0.000119208 0.000147125 0.000214792 0.000204458
Iteration 886: 0.000018792 0.000140458 0.000138041 0.000157417 0.000133334 0.000329459
Iteration 887: 0.000018959 0.000131708 0.000131750 0.000162042 0.000209166 0.000272792
Iteration 888: 0.000019125 0.000127042 0.000216709 0.000161666 0.000132000 0.000263542
Iteration 889: 0.000019500 0.000144833 0.000145625 0.000193917 0.000255000 0.000192167
Iteration 890: 0.000018083 0.000155708 0.000173625 0.000174208 0.000687042 0.000195083
Iteration 891: 0.000018708 0.000151750 0.000198583 0.000203125 0.000211916 0.000171417
Iteration 892: 0.000022875 0.000166375 0.000199792 0.000165584 0.000160625 0.000200125
Iteration 893: 0.000018500 0.000186916 0.000136041 0.000163084 0.000207541 0.000199125
Iteration 894: 0.000018500 0.000159250 0.000182917 0.000187458 0.000221250 0.000147958
Iteration 895: 0.000023458 0.000207291 0.000165416 0.000201000 0.000163083 0.000187417
Iteration 896: 0.000017583 0.000142833 0.000243125 0.000262292 0.000131792 0.000324000
Iteration 897: 0.000018292 0.000121375 0.000164333 0.000143875 0.000158625 0.000313042
Iteration 898: 0.000018709 0.000141000 0.000146417 0.000162666 0.000161625 0.000278708
Iteration 899: 0.000018791 0.000152625 0.000197125 0.000130916 0.000137792 0.000317375
Iteration 900: 0.000019625 0.000122583 0.000173500 0.000156000 0.000127458 0.000318416
Iteration 901: 0.000018625 0.000125333 0.000124792 0.000134709 0.000216959 0.000294167
Iteration 902: 0.000017208 0.000216042 0.000136875 0.000155417 0.000177916 0.000210667
Iteration 903: 0.000017333 0.000136333 0.000167458 0.000157000 0.000186416 0.000242291
Iteration 904: 0.000018083 0.000185500 0.000171125 0.000134250 0.000242625 0.000230959
Iteration 905: 0.000019083 0.000421166 0.000180666 0.000190958 0.000198125 0.000119333
Iteration 906: 0.000019500 0.000120083 0.000156375 0.000141333 0.000197042 0.000281209
Iteration 907: 0.000018458 0.000199667 0.000125583 0.000139834 0.000121958 0.000305708
Iteration 908: 0.000017208 0.000135292 0.000127792 0.000158333 0.000313250 0.000547792
Iteration 909: 0.000043084 0.000368042 0.000425125 0.000387000 0.000341791 0.000206167
Iteration 910: 0.000037875 0.000429041 0.000301375 0.000458625 0.000610000 0.000319125
Iteration 911: 0.000020750 0.000191792 0.000141291 0.000197250 0.000161583 0.000218333
Iteration 912: 0.000018666 0.000196500 0.000177000 0.000204666 0.000176417 0.000139291
Iteration 913: 0.000021375 0.000120583 0.000194959 0.000218917 0.000143792 0.000349250
Iteration 914: 0.000019792 0.000185625 0.000217667 0.000216666 0.000230417 0.000060709
Iteration 915: 0.000017917 0.000204000 0.000177875 0.000147417 0.000207125 0.000156875
Iteration 916: 0.000017250 0.000191250 0.000181416 0.000179542 0.000220791 0.000127125
Iteration 917: 0.000018416 0.000207792 0.000129500 0.000162792 0.000131042 0.000260583
Iteration 918: 0.000018333 0.000204417 0.000162417 0.000164083 0.000176250 0.000186208
Iteration 919: 0.000018500 0.000143209 0.000207125 0.000210875 0.000218708 0.000127958
Iteration 920: 0.000019834 0.000338250 0.000187916 0.000139125 0.000126459 0.000317417
Iteration 921: 0.000018209 0.000205583 0.000179792 0.000165125 0.000205875 0.000133667
Iteration 922: 0.000017125 0.000144250 0.000117291 0.000220875 0.000163416 0.000248792
Iteration 923: 0.000017333 0.000194584 0.000124375 0.000192417 0.000129125 0.000262292
Iteration 924: 0.000018500 0.000162125 0.000175833 0.000132000 0.000136375 0.000289042
Iteration 925: 0.000018417 0.000140917 0.000117708 0.000143292 0.000210625 0.000274834
Iteration 926: 0.000018125 0.000219833 0.000180375 0.000214875 0.000139500 0.000135083
Iteration 927: 0.000017208 0.000193459 0.000169792 0.000145375 0.000212375 0.000205250
Iteration 928: 0.000017708 0.000141834 0.000205875 0.000186916 0.000330875 0.000237167
Iteration 929: 0.000018125 0.000147959 0.000141125 0.000219083 0.000136875 0.000245709
Iteration 930: 0.000018667 0.000197875 0.000121459 0.000177833 0.000187084 0.000231750
Iteration 931: 0.000018708 0.000170583 0.000186084 0.000205917 0.000220125 0.000105000
Iteration 932: 0.000018292 0.000212208 0.000217209 0.000218000 0.000119333 0.000142667
Iteration 933: 0.000018334 0.000210291 0.000168000 0.000121917 0.000165000 0.000228917
Iteration 934: 0.000017000 0.000210459 0.000207708 0.000142584 0.000195709 0.000136584
Iteration 935: 0.000016917 0.000145209 0.000134709 0.000163875 0.000259625 0.000232375
Iteration 936: 0.000017125 0.000120041 0.000134667 0.000163542 0.000211292 0.000260750
Iteration 937: 0.000018083 0.000220959 0.000207583 0.000141500 0.000205958 0.000117250
Iteration 938: 0.000019167 0.000139334 0.000123083 0.000139500 0.000184708 0.000308792
Iteration 939: 0.000018583 0.000175542 0.000166459 0.000257709 0.000191416 0.000141042
Iteration 940: 0.000020833 0.000151459 0.000178833 0.000181333 0.000181667 0.000198917
Iteration 941: 0.000017083 0.000166083 0.000117208 0.000206333 0.000221875 0.000195333
Iteration 942: 0.000017167 0.000169417 0.000145834 0.000147833 0.000164291 0.000269167
Iteration 943: 0.000018458 0.000182959 0.000208917 0.000162916 0.000119584 0.000226084
Iteration 944: 0.000018459 0.000211583 0.000189166 0.000136750 0.000175917 0.000184000
Iteration 945: 0.000018667 0.000153000 0.000184833 0.000161833 0.000283541 0.000192667
Iteration 946: 0.000018875 0.000115875 0.000344333 0.000140584 0.000264042 0.000335291
Iteration 947: 0.000017750 0.000200791 0.000177708 0.000171084 0.000198625 0.000149541
Iteration 948: 0.000017500 0.000164958 0.000209042 0.000191750 0.000163958 0.000187167
Iteration 949: 0.000018542 0.000175417 0.000174083 0.000165542 0.000162291 0.000221000
Iteration 950: 0.000018125 0.000134208 0.000216667 0.000190583 0.000137375 0.000213250
Iteration 951: 0.000018375 0.000148917 0.000153792 0.000148917 0.000180750 0.000257292
Iteration 952: 0.000018375 0.000158416 0.000123000 0.000205625 0.000177042 0.000230625
Iteration 953: 0.000016916 0.000189334 0.000131333 0.000164584 0.000154167 0.000265375
Iteration 954: 0.000017125 0.000233500 0.000251625 0.000319959 0.000435833 0.000217500
Iteration 955: 0.000018625 0.000155209 0.000152083 0.000148500 0.000204208 0.000232292
Iteration 956: 0.000021208 0.000172375 0.000229916 0.000189791 0.000167708 0.000159750
Iteration 957: 0.000018500 0.000174750 0.000184708 0.000161833 0.000144042 0.000223417
Iteration 958: 0.000018084 0.000195166 0.000150833 0.000128542 0.000156083 0.000369917
Iteration 959: 0.000020292 0.000214375 0.000154041 0.000204750 0.000127750 0.000226333
Iteration 960: 0.000017666 0.000191125 0.000141875 0.000200750 0.000166417 0.000192834
Iteration 961: 0.000016917 0.000144250 0.000135167 0.000165250 0.000211291 0.000234583
Iteration 962: 0.000018375 0.000220708 0.000147291 0.000209708 0.000179084 0.000135375
Iteration 963: 0.000018291 0.000187334 0.000158125 0.000175583 0.000138208 0.000232083
Iteration 964: 0.000018250 0.000127125 0.000138958 0.000146333 0.000210459 0.000300000
Iteration 965: 0.000019542 0.000215333 0.000127416 0.000199042 0.000206667 0.000149084
Iteration 966: 0.000017250 0.000158500 0.000174667 0.000216375 0.000220792 0.000120041
Iteration 967: 0.000017250 0.000191583 0.000181334 0.000215125 0.000217125 0.000210709
Iteration 968: 0.000018750 0.000225208 0.000159958 0.000201083 0.000130500 0.000180125
Iteration 969: 0.000018250 0.000172709 0.000206583 0.000122458 0.000142416 0.000246042
Iteration 970: 0.000018709 0.000186791 0.000149417 0.000158667 0.000124166 0.000272167
Iteration 971: 0.000018084 0.000479916 0.000158333 0.000483667 0.000446084 0.000832458
Iteration 972: 0.000105708 0.000217041 0.000197208 0.000145833 0.000186333 0.000149125
Iteration 973: 0.000018417 0.000167041 0.000185250 0.000219041 0.000219792 0.000102417
Iteration 974: 0.000017125 0.000199542 0.000187042 0.000131000 0.000148084 0.000451667
Iteration 975: 0.000044542 0.000293209 0.000331458 0.000389458 0.000363750 0.000719167
Iteration 976: 0.000041666 0.000223917 0.000221459 0.000132125 0.000196292 0.000400416
Iteration 977: 0.000019542 0.000167666 0.000151750 0.000132750 0.000187958 0.000251791
Iteration 978: 0.000018500 0.000189166 0.000179083 0.000171250 0.000153209 0.000201125
Iteration 979: 0.000017084 0.000173625 0.000218667 0.000184917 0.000199125 0.000139458
Iteration 980: 0.000017250 0.000135792 0.000152833 0.000143542 0.000148000 0.000313083
Iteration 981: 0.000018375 0.000211750 0.000185042 0.000140000 0.000155000 0.000199459
Iteration 982: 0.000018084 0.000118667 0.000199208 0.000163875 0.000131959 0.000274334
Iteration 983: 0.000018167 0.000219667 0.000203250 0.000128000 0.000124458 0.000223167
Iteration 984: 0.000018209 0.000131625 0.000128375 0.000131333 0.000121083 0.000376666
Iteration 985: 0.000017000 0.000187375 0.000211958 0.000127625 0.000137625 0.000224875
Iteration 986: 0.000017083 0.000221000 0.000214958 0.000163250 0.000201583 0.000122042
Iteration 987: 0.000017791 0.000141416 0.000133917 0.000178792 0.000204209 0.000235334
Iteration 988: 0.000018583 0.000220375 0.000372000 0.000348291 0.000402916 0.000437958
Iteration 989: 0.000233417 0.000487875 0.000351042 0.000374500 0.000518917 0.000289333
Iteration 990: 0.000040459 0.000602916 0.000282958 0.000245125 0.001009667 0.000300125
Iteration 991: 0.000020000 0.000234917 0.000124792 0.000172458 0.000185750 0.000285333
Iteration 992: 0.000017583 0.000124958 0.000137666 0.000148417 0.000171292 0.000312666
Iteration 993: 0.000017166 0.000166917 0.000182500 0.000217334 0.000205250 0.000154042
Iteration 994: 0.000021625 0.000178708 0.000197000 0.000178625 0.000141584 0.000193042
Iteration 995: 0.000017917 0.000214042 0.000217417 0.000216541 0.000187750 0.000050833
Iteration 996: 0.000018333 0.000169125 0.000189666 0.000140083 0.000260750 0.000183250
Iteration 997: 0.000018458 0.000159584 0.000173583 0.000182292 0.000215083 0.000165583
Iteration 998: 0.000018708 0.000213958 0.000194458 0.000139041 0.000178542 0.000170584
Iteration 999: 0.000017125 0.000802125 0.000180042 0.000155417 0.000166833 0.000221750
Iteration 1000: 0.000019500 0.000195834 0.000129417 0.000208416 0.000141625 0.000281209
