1 0.003268003463745117 0.0007889270782470703 0.3943796157836914
2 0.003226041793823242 0.0015368461608886719 0.5859766006469727
3 0.0032749176025390625 0.0022878646850585938 0.777256965637207
4 0.00335693359375 0.0031321048736572266 0.9685144424438477
5 0.003262042999267578 0.0038139820098876953 1.1598405838012695
6 0.0030908584594726562 0.0044820308685302734 1.3510866165161133
7 0.003231048583984375 0.005177974700927734 1.5423002243041992
8 0.003238201141357422 0.005895853042602539 1.7336311340332031
9 0.0031270980834960938 0.006685972213745117 1.9250860214233398
10 0.003187894821166992 0.007942914962768555 2.1375865936279297 0.023175954818725586 1.4319744110107422
11 0.003348827362060547 0.00875997543334961 2.323740005493164
12 0.0032339096069335938 0.009450197219848633 2.514535903930664
13 0.003532886505126953 0.010689973831176758 2.7053756713867188
14 0.003309011459350586 0.011383056640625 2.8962135314941406
15 0.003306865692138672 0.011753082275390625 3.087045669555664
16 0.0032227039337158203 0.013349056243896484 3.278059959411621
17 0.0034720897674560547 0.01320505142211914 3.4695167541503906
18 0.003270864486694336 0.014056205749511719 3.6608505249023438
19 0.0032417774200439453 0.01586627960205078 3.852062225341797
20 0.003414154052734375 0.01528620719909668 4.055608749389648 0.05398392677307129 2.8388290405273438
21 0.00315093994140625 0.01600503921508789 4.2419023513793945
22 0.003147125244140625 0.016653060913085938 4.432701110839844
23 0.003313779830932617 0.017374277114868164 4.623538970947266
24 0.003180980682373047 0.018162012100219727 4.814497947692871
25 0.0032110214233398438 0.018823862075805664 5.005578994750977
26 0.003185749053955078 0.019875049591064453 5.196539878845215
27 0.0033941268920898438 0.02092909812927246 5.387375831604004
28 0.0032808780670166016 0.021767139434814453 5.578212738037109
29 0.0032792091369628906 0.022408008575439453 5.769051551818848
30 0.0032439231872558594 0.02320408821105957 5.974499702453613 0.06242775917053223 4.2586212158203125
31 0.003222942352294922 0.023739099502563477 6.160649299621582
32 0.0032401084899902344 0.02488088607788086 6.351571083068848
33 0.0033779144287109375 0.02584695816040039 6.542652130126953
34 0.0033316612243652344 0.027395963668823242 6.733611106872559
35 0.003467082977294922 0.028983116149902344 6.924449920654297
36 0.0033588409423828125 0.02856278419494629 7.115285873413086
37 0.014050006866455078 0.028978824615478516 7.28621768951416
38 0.003280162811279297 0.02903294563293457 7.477602005004883
39 0.003239154815673828 0.030203819274902344 7.668811798095703
40 0.003262042999267578 0.03062605857849121 7.891181945800781 0.08420515060424805 5.692451477050781
41 0.003214120864868164 0.031213045120239258 8.0776948928833
42 0.003184080123901367 0.03203296661376953 8.268675804138184
43 0.0031659603118896484 0.03305792808532715 8.459512710571289
44 0.003432035446166992 0.03373908996582031 8.650392532348633
45 0.003187894821166992 0.03469395637512207 8.841299057006836
46 0.0032639503479003906 0.034986019134521484 9.032135009765625
47 0.003198862075805664 0.03569221496582031 9.22297477722168
48 0.0033197402954101562 0.03633832931518555 9.413806915283203
49 0.003160715103149414 0.037628173828125 9.604645729064941
50 0.0032739639282226562 0.03841686248779297 9.804494857788086 0.11346292495727539 7.0867462158203125
51 0.0032210350036621094 0.03969597816467285 9.990793228149414
52 0.0034461021423339844 0.04025411605834961 10.18177604675293
53 0.003238201141357422 0.04106593132019043 10.372979164123535
54 0.0032079219818115234 0.04176688194274902 10.56399917602539
55 0.003288745880126953 0.042237043380737305 10.754836082458496
56 0.0033829212188720703 0.04301333427429199 10.945674896240234
57 0.0032188892364501953 0.04376697540283203 11.136512756347656
58 0.0031843185424804688 0.04422402381896973 11.327350616455078
59 0.0031909942626953125 0.044985055923461914 11.5181884765625
60 0.003323793411254883 0.046411991119384766 11.718591690063477 0.1343550682067871 8.503662109375
61 0.014642953872680664 0.047453880310058594 11.877123832702637
62 0.003283977508544922 0.04943203926086426 12.06847858428955
63 0.0032308101654052734 0.04822421073913574 12.259686470031738
64 0.003216266632080078 0.049112796783447266 12.451083183288574
65 0.003378152847290039 0.05018305778503418 12.642661094665527
66 0.003216981887817383 0.05237889289855957 12.834053993225098
67 0.0032072067260742188 0.0512239933013916 13.025264739990234
68 0.003216266632080078 0.05231475830078125 13.216475486755371
69 0.003422975540161133 0.05346322059631348 13.407686233520508
70 0.0032351016998291016 0.05448794364929199 13.628439903259277 0.1641979217529297 9.940004348754883
71 0.003317117691040039 0.05628395080566406 13.814733505249023
72 0.003213167190551758 0.0550229549407959 14.005534172058105
73 0.003222942352294922 0.05558896064758301 14.196369171142578
74 0.0036590099334716797 0.0574800968170166 14.38720703125
75 0.0032608509063720703 0.058155059814453125 14.578036308288574
76 0.0032203197479248047 0.05897688865661621 14.769124984741211
77 0.003245115280151367 0.05924105644226074 14.960450172424316
78 0.0035169124603271484 0.06015610694885254 15.151530265808105
79 0.0032880306243896484 0.061179161071777344 15.342369079589844
80 0.0032608509063720703 0.06147193908691406 15.545278549194336 0.17563796043395996 11.3388671875
81 0.003198862075805664 0.06254124641418457 15.73156452178955
82 0.003264904022216797 0.06296300888061523 15.92236614227295
83 0.003184080123901367 0.06370782852172852 16.11320209503174
84 0.017714977264404297 0.06461906433105469 16.27732753753662
85 0.003197193145751953 0.0651707649230957 16.46871280670166
86 0.0031981468200683594 0.06573271751403809 16.659920692443848
87 0.0033118724822998047 0.06662917137145996 16.85113525390625
88 0.0034439563751220703 0.06816387176513672 17.04234504699707
89 0.0032126903533935547 0.07035422325134277 17.233555793762207
90 0.003177165985107422 0.06990694999694824 17.45646858215332 0.1995100975036621 12.774711608886719
91 0.003236055374145508 0.06982088088989258 17.642759323120117
92 0.0032219886779785156 0.07154607772827148 17.833805084228516
93 0.003203868865966797 0.07238292694091797 18.025132179260254
94 0.003229856491088867 0.0730738639831543 18.216285705566406
95 0.0034160614013671875 0.07280492782592773 18.40712070465088
96 0.0031690597534179688 0.07412576675415039 18.5979585647583
97 0.003196239471435547 0.0745096206665039 18.788793563842773
98 0.003201723098754883 0.07503604888916016 18.979629516601562
99 0.003370046615600586 0.07610869407653809 19.170467376708984
100 0.0032219886779785156 0.07676291465759277 19.367733001708984 0.23922514915466309 14.165898323059082
101 0.003227710723876953 0.07756900787353516 19.55403232574463
102 0.0033757686614990234 0.07839202880859375 19.74483013153076
103 0.003226041793823242 0.07956194877624512 19.935708045959473
104 0.0032639503479003906 0.08043694496154785 20.126545906066895
105 0.003219127655029297 0.08053016662597656 20.31738567352295
106 0.0033719539642333984 0.0820302963256836 20.508220672607422
107 0.003283977508544922 0.08235907554626465 20.69905948638916
108 0.0032470226287841797 0.08378005027770996 20.8902006149292
109 0.0032160282135009766 0.08897876739501953 21.081647872924805
110 0.0033979415893554688 0.08493328094482422 21.277920722961426 0.2716031074523926 15.581146240234375
111 0.0032558441162109375 0.08537864685058594 21.464216232299805
112 0.0032029151916503906 0.08574390411376953 21.65501880645752
113 0.003187894821166992 0.08759713172912598 21.845855712890625
114 0.003329038619995117 0.0876169204711914 22.036693572998047
115 0.003206014633178711 0.08876895904541016 22.227529525756836
116 0.003353118896484375 0.09018969535827637 22.418368339538574
117 0.003242015838623047 0.0900871753692627 22.609206199645996
118 0.0033512115478515625 0.0912480354309082 22.800042152404785
119 0.0032439231872558594 0.09244084358215332 22.990880966186523
120 0.0032439231872558594 0.09394097328186035 23.196918487548828 0.27197790145874023 17.007308959960938
121 0.003309965133666992 0.0940549373626709 23.38321590423584
122 0.0033540725708007812 0.09442591667175293 23.57401180267334
123 0.003303050994873047 0.09659409523010254 23.764851570129395
124 0.0032923221588134766 0.0999448299407959 23.941227912902832
125 0.0033447742462158203 0.09682106971740723 24.132081031799316
126 0.003633260726928711 0.09780287742614746 24.32296657562256
127 0.003238201141357422 0.09818506240844727 24.51380157470703
128 0.0032508373260498047 0.09941577911376953 24.704943656921387
129 0.0032281875610351562 0.1004939079284668 24.896394729614258
130 0.003425121307373047 0.10072016716003418 25.094014167785645 0.31429290771484375 18.41529083251953
131 0.003264904022216797 0.10094618797302246 25.280308723449707
132 0.0032749176025390625 0.10327315330505371 25.471171379089355
133 0.003342151641845703 0.10343575477600098 25.66201114654541
134 0.0032892227172851562 0.10395312309265137 25.852846145629883
135 0.0033211708068847656 0.10487174987792969 26.043686866760254
136 0.0034520626068115234 0.10494399070739746 26.234525680541992
137 0.0032231807708740234 0.10649299621582031 26.42536449432373
138 0.0032291412353515625 0.1069340705871582 26.616201400756836
139 0.0032999515533447266 0.10798525810241699 26.807039260864258
140 0.0033779144287109375 0.10863113403320312 27.00347137451172 0.35460710525512695 19.830284118652344
141 0.0032978057861328125 0.10935115814208984 27.189766883850098
142 0.003465890884399414 0.11067819595336914 27.380569458007812
143 0.0032341480255126953 0.11031484603881836 27.571406364440918
144 0.0032722949981689453 0.11483383178710938 27.762246131896973
145 0.0036230087280273438 0.11417198181152344 27.95308494567871
146 0.0035011768341064453 0.1126248836517334 28.143921852111816
147 0.003228902816772461 0.11359405517578125 28.33475971221924
148 0.003240346908569336 0.11577200889587402 28.526022911071777
149 0.0032782554626464844 0.1171269416809082 28.717594146728516
150 0.0034661293029785156 0.11715006828308105 28.924339294433594 0.3336613178253174 21.257118225097656
151 0.0032629966735839844 0.11687397956848145 29.11063575744629
152 0.0033309459686279297 0.11792898178100586 29.30143642425537
153 0.0032668113708496094 0.11901521682739258 29.492274284362793
154 0.0032761096954345703 0.12032365798950195 29.683114051818848
155 0.003392934799194336 0.1226046085357666 29.873952865600586
156 0.003522157669067383 0.12067890167236328 30.06484889984131
157 0.0032927989959716797 0.12097525596618652 30.255685806274414
158 0.003253936767578125 0.12238430976867676 30.446526527404785
159 0.0032358169555664062 0.12280511856079102 30.63736343383789
160 0.003412961959838867 0.12481498718261719 30.83733367919922 0.38480401039123535 22.66649627685547
161 0.0032570362091064453 0.12471294403076172 31.02362632751465
162 0.0032300949096679688 0.12614083290100098 31.214428901672363
163 0.0033631324768066406 0.12685012817382812 31.405268669128418
164 0.003358125686645508 0.12749981880187988 31.59619903564453
165 0.003278970718383789 0.12773776054382324 31.787034034729004
166 0.003301858901977539 0.12836313247680664 31.977872848510742
167 0.0035347938537597656 0.1325681209564209 32.168710708618164
168 0.003309965133666992 0.13287019729614258 32.359548568725586
169 0.003247976303100586 0.13262104988098145 32.55038642883301
170 0.003267049789428711 0.13252568244934082 32.75003433227539 0.40865182876586914 24.08238983154297
171 0.0033102035522460938 0.13343000411987305 32.93632793426514
172 0.003354787826538086 0.13630294799804688 33.1275577545166
173 0.0033233165740966797 0.13425683975219727 33.31924629211426
174 0.0035429000854492188 0.13534212112426758 33.51029968261719
175 0.003329038619995117 0.1358048915863037 33.70113754272461
176 0.0032989978790283203 0.13674497604370117 33.89206314086914
177 0.003300905227661133 0.13669085502624512 34.082902908325195
178 0.0035119056701660156 0.13876700401306152 34.27374076843262
179 0.0032548904418945312 0.13830995559692383 34.46457862854004
180 0.003268718719482422 0.14022183418273926 34.664655685424805 0.4284079074859619 25.499549865722656
181 0.0033049583435058594 0.14069199562072754 34.85095024108887
182 0.003283262252807617 0.14175176620483398 35.041751861572266
183 0.0033648014068603516 0.14176702499389648 35.23258972167969
184 0.003340005874633789 0.14336490631103516 35.42342758178711
185 0.0032167434692382812 0.143998384475708 35.6142635345459
186 0.003366231918334961 0.14418387413024902 35.80509662628174
187 0.0034418106079101562 0.1444079875946045 35.99593544006348
188 0.003360748291015625 0.14606595039367676 36.18686389923096
189 0.0032820701599121094 0.14729619026184082 36.37770080566406
190 0.003251791000366211 0.1490340232849121 36.57762622833252 0.45890283584594727 26.915489196777344
191 0.0032701492309570312 0.14818215370178223 36.76391887664795
192 0.003380298614501953 0.1503310203552246 36.954721450805664
193 0.003329038619995117 0.1516568660736084 37.14555740356445
194 0.0032808780670166016 0.15203523635864258 37.336392402648926
195 0.003300189971923828 0.15122485160827637 37.52723407745361
196 0.0035719871520996094 0.15508008003234863 37.718069076538086
197 0.0032720565795898438 0.15218496322631836 37.90890979766846
198 0.0033693313598632812 0.15364670753479004 38.09974670410156
199 0.0032896995544433594 0.15497684478759766 38.290584564208984
200 0.0035262107849121094 0.15550589561462402 38.49107551574707 0.4806499481201172 28.33177947998047
201 0.003297090530395508 0.15734505653381348 38.678343772888184
202 0.0033228397369384766 0.15737605094909668 38.8693904876709
203 0.003305196762084961 0.15683722496032715 39.06022644042969
204 0.0032618045806884766 0.15882205963134766 39.25106334686279
205 0.003464937210083008 0.15944385528564453 39.44190216064453
206 0.0032830238342285156 0.16057610511779785 39.63273811340332
207 0.003348827362060547 0.16243386268615723 39.82357692718506
208 0.0032448768615722656 0.16277194023132324 40.01441287994385
209 0.0035369396209716797 0.16594910621643066 40.205251693725586
210 0.0033249855041503906 0.16400384902954102 40.405452728271484 0.5014111995697021 29.748680114746094
211 0.003322124481201172 0.1650390625 40.59174823760986
212 0.003432035446166992 0.16751694679260254 40.78253364562988
213 0.0032930374145507812 0.1651151180267334 40.9733772277832
214 0.0032930374145507812 0.16712498664855957 41.164212226867676
215 0.003332853317260742 0.16718506813049316 41.35505390167236
216 0.03510713577270508 0.16962504386901855 41.512922286987305
217 0.0033049583435058594 0.16966724395751953 41.704216957092285
218 0.0033202171325683594 0.16898274421691895 41.89543151855469
219 0.003239870071411133 0.1692969799041748 42.086642265319824
220 0.0034842491149902344 0.17142081260681152 42.30579853057861 0.5482301712036133 31.18335723876953
221 0.0033500194549560547 0.17067503929138184 42.49209213256836
222 0.0033168792724609375 0.17258095741271973 42.682894706726074
223 0.0033860206604003906 0.1728980541229248 42.87373447418213
224 0.003325939178466797 0.17414212226867676 43.0645694732666
225 0.0033109188079833984 0.1741490364074707 43.255404472351074
226 0.003310680389404297 0.17542815208435059 43.44624423980713
227 0.0035448074340820312 0.1754741668701172 43.63708019256592
228 0.0033240318298339844 0.17691278457641602 43.82791709899902
229 0.003289937973022461 0.1771070957183838 44.01875591278076
230 0.0032720565795898438 0.18125009536743164 44.22985363006592 0.5162210464477539 32.591766357421875
231 0.0033659934997558594 0.18290090560913086 44.41615009307861
232 0.003332853317260742 0.18071198463439941 44.60765361785889
233 0.003453969955444336 0.18330693244934082 44.799588203430176
234 0.003473043441772461 0.18148207664489746 44.99070167541504
235 0.003342866897583008 0.18231701850891113 45.18153762817383
236 0.003347158432006836 0.18235421180725098 45.372374534606934
237 0.0033638477325439453 0.18274188041687012 45.56321334838867
238 0.0036020278930664062 0.18468618392944336 45.754051208496094
239 0.0033621788024902344 0.18419885635375977 45.94489097595215
240 0.003377199172973633 0.18670010566711426 46.145874977111816 0.577523946762085 33.998443603515625
241 0.0033941268920898438 0.1873180866241455 46.332167625427246
242 0.003374814987182617 0.18778610229492188 46.52297019958496
243 0.003281831741333008 0.18778324127197266 46.71380615234375
244 0.0033500194549560547 0.18992996215820312 46.904643058776855
245 0.003537893295288086 0.1925039291381836 47.081064224243164
246 0.04329967498779297 0.1966099739074707 47.23723888397217
247 0.003339052200317383 0.19121408462524414 47.42857551574707
248 0.0034198760986328125 0.19185781478881836 47.61978816986084
249 0.003342151641845703 0.19167304039001465 47.81100082397461
250 0.0035021305084228516 0.1950690746307373 48.031301498413086 0.6238322257995605 35.43360137939453
251 0.0033588409423828125 0.19432401657104492 48.21759510040283
252 0.00344085693359375 0.196213960647583 48.40839767456055
253 0.0033249855041503906 0.1962418556213379 48.59928894042969
254 0.003312826156616211 0.19748902320861816 48.79012870788574
255 0.003489255905151367 0.19709491729736328 48.98096561431885
256 0.003409862518310547 0.19902300834655762 49.17180252075195
257 0.003328084945678711 0.19864392280578613 49.36266613006592
258 0.0033211708068847656 0.19993996620178223 49.55350303649902
259 0.003492116928100586 0.20247316360473633 49.74434185028076
260 0.003547191619873047 0.2026658058166504 49.95655536651611 0.5958142280578613 36.84197998046875
261 0.003329753875732422 0.20387935638427734 50.142906188964844
262 0.0033800601959228516 0.21255898475646973 50.33371067047119
263 0.003437042236328125 0.20734190940856934 50.52454853057861
264 0.003498077392578125 0.20773673057556152 50.7153844833374
265 0.0033957958221435547 0.20921111106872559 50.906219482421875
266 0.0034210681915283203 0.20676302909851074 51.09706115722656
267 0.0034189224243164062 0.20798206329345703 51.28789806365967
268 0.046260833740234375 0.20846891403198242 51.44474697113037
269 0.003361940383911133 0.21017885208129883 51.63741397857666
270 0.0033550262451171875 0.21065115928649902 51.858890533447266 0.706834077835083 38.26757049560547
271 0.0034003257751464844 0.21185684204101562 52.04518413543701
272 0.0033321380615234375 0.21132779121398926 52.23598670959473
273 0.0033440589904785156 0.21221685409545898 52.42682456970215
274 0.0035669803619384766 0.21341490745544434 52.61766242980957
275 0.0033919811248779297 0.2135329246520996 52.80850028991699
276 0.003278970718383789 0.2134861946105957 52.99933624267578
277 0.0032699108123779297 0.21398401260375977 53.190232276916504
278 0.0034890174865722656 0.2161407470703125 53.38107395172119
279 0.0033538341522216797 0.21615314483642578 53.571908950805664
280 0.0033321380615234375 0.21685004234313965 53.767380714416504 0.6948871612548828 39.65833282470703
281 0.0033681392669677734 0.2184908390045166 53.953765869140625
282 0.0033020973205566406 0.21944880485534668 54.14456748962402
283 0.0033431053161621094 0.22019410133361816 54.335405349731445
284 0.003332853317260742 0.22056078910827637 54.5262451171875
285 0.003506183624267578 0.22122788429260254 54.717169761657715
286 0.0033278465270996094 0.22214388847351074 54.90800952911377
287 0.003366231918334961 0.2218189239501953 55.09884738922119
288 0.0033233165740966797 0.22262883186340332 55.28968143463135
289 0.003549814224243164 0.22321629524230957 55.4805212020874
290 0.003328084945678711 0.22628402709960938 55.695387840270996 0.6605901718139648 41.09382629394531
291 0.0033621788024902344 0.2258908748626709 55.88168239593506
292 0.003367900848388672 0.2271120548248291 56.07248306274414
293 0.0034029483795166016 0.22664999961853027 56.26331806182861
294 0.003328084945678711 0.22870111465454102 56.45415782928467
295 0.0034558773040771484 0.23353290557861328 56.64499378204346
296 0.003579854965209961 0.23007583618164062 56.835832595825195
297 0.0033788681030273438 0.23313212394714355 57.02676200866699
298 0.0033349990844726562 0.23241591453552246 57.217599868774414
299 0.003345966339111328 0.23158812522888184 57.40843963623047
300 0.0035028457641601562 0.23325800895690918 57.609253883361816 0.7205419540405273 42.49586486816406
301 0.003364086151123047 0.23394370079040527 57.795549392700195
302 0.003415822982788086 0.23486113548278809 57.986351013183594
303 0.003367900848388672 0.23441720008850098 58.177188873291016
304 0.003564119338989258 0.23697304725646973 58.36802673339844
305 0.0033431053161621094 0.2383589744567871 58.55886268615723
306 0.003326892852783203 0.23780202865600586 58.74969959259033
307 0.0033440589904785156 0.23836302757263184 58.94053649902344
308 0.003534078598022461 0.23918414115905762 59.132046699523926
309 0.003283262252807617 0.23938822746276855 59.32431888580322
310 0.0034019947052001953 0.24100089073181152 59.50719738006592 0.8187992572784424 43.894691467285156
311 0.0034749507904052734 0.2432079315185547 59.6934928894043
312 0.0034818649291992188 0.2479259967803955 59.88429069519043
313 0.0033721923828125 0.24756503105163574 60.07512855529785
314 0.003432035446166992 0.24608469009399414 60.26596164703369
315 0.0033898353576660156 0.24709486961364746 60.45680046081543
316 0.003587961196899414 0.24518895149230957 60.64763927459717
317 0.0033469200134277344 0.24514102935791016 60.83847522735596
318 0.0033919811248779297 0.24577784538269043 61.029314041137695
319 0.003384113311767578 0.24708795547485352 61.22015380859375
320 0.0035479068756103516 0.24978089332580566 61.436280250549316 0.7257108688354492 45.34424591064453
321 0.0033228397369384766 0.25045084953308105 61.622697830200195
322 0.0033311843872070312 0.25011181831359863 61.81350135803223
323 0.0033180713653564453 0.25084805488586426 62.00433826446533
324 0.0033011436462402344 0.25092101097106934 62.195176124572754
325 0.003536224365234375 0.25180602073669434 62.38601589202881
326 0.0033440589904785156 0.25243091583251953 62.57685089111328
327 0.003302335739135742 0.2544999122619629 62.76768970489502
328 0.003348112106323242 0.25626707077026367 62.958523750305176
329 0.0034940242767333984 0.2557690143585205 63.14936351776123
330 0.0033049583435058594 0.2577791213989258 63.35033893585205 0.799422025680542 46.74530792236328
331 0.0033991336822509766 0.26033687591552734 63.53662872314453
332 0.0034379959106445312 0.2592349052429199 63.72743320465088
333 0.003304004669189453 0.2573392391204834 63.91826915740967
334 0.0033071041107177734 0.2584991455078125 64.10910415649414
335 0.0035500526428222656 0.26203083992004395 64.29994201660156
336 0.0033779144287109375 0.26044487953186035 64.4907808303833
337 0.0033431053161621094 0.26375794410705566 64.68173885345459
338 0.0033049583435058594 0.2639749050140381 64.87257766723633
339 0.0034608840942382812 0.2630929946899414 65.06341361999512
340 0.003322124481201172 0.26619482040405273 65.24668979644775 0.9068360328674316 48.143699645996094
341 0.003518819808959961 0.2664811611175537 65.4329833984375
342 0.0033769607543945312 0.26468610763549805 65.62378025054932
343 0.003484010696411133 0.26747703552246094 65.81462097167969
344 0.0033469200134277344 0.2692890167236328 66.00545692443848
345 0.0035419464111328125 0.26831579208374023 66.19629383087158
346 0.003381013870239258 0.26794004440307617 66.38713264465332
347 0.003353118896484375 0.26918673515319824 66.57796859741211
348 0.003396749496459961 0.2712070941925049 66.76880550384521
349 0.003595113754272461 0.27265095710754395 66.95964050292969
350 0.0033330917358398438 0.2722489833831787 67.17636489868164 0.7888040542602539 49.593238830566406
351 0.003384113311767578 0.2745041847229004 67.36265850067139
352 0.003386259078979492 0.27434277534484863 67.55418968200684
353 0.0033211708068847656 0.2751302719116211 67.74664497375488
354 0.003362894058227539 0.2744419574737549 67.93784809112549
355 0.003313779830932617 0.27519893646240234 68.12868309020996
356 0.00350189208984375 0.27672481536865234 68.31952095031738
357 0.003348112106323242 0.27706170082092285 68.51035594940186
358 0.0033659934997558594 0.28006601333618164 68.70119380950928
359 0.0032792091369628906 0.27974486351013184 68.89203262329102
360 0.003551959991455078 0.2820568084716797 69.0741195678711 0.9462478160858154 50.975791931152344
361 0.0034399032592773438 0.28142690658569336 69.26040840148926
362 0.0034291744232177734 0.28206896781921387 69.4512128829956
363 0.003465890884399414 0.2835209369659424 69.6420488357544
364 0.00356292724609375 0.2850301265716553 69.83288192749023
365 0.003340005874633789 0.2839369773864746 70.0237169265747
366 0.003359079360961914 0.28710484504699707 70.21455192565918
367 0.0032799243927001953 0.2850379943847656 70.39092254638672
368 0.00347900390625 0.28555798530578613 70.58177471160889
369 0.003323078155517578 0.2859508991241455 70.77264976501465
370 0.0033309459686279297 0.2877168655395508 70.99033641815186 0.8433001041412354 52.42748260498047
371 0.0033469200134277344 0.29237818717956543 71.17662906646729
372 0.0034410953521728516 0.29146695137023926 71.36743259429932
373 0.0033829212188720703 0.2909250259399414 71.55827045440674
374 0.003359079360961914 0.29110288619995117 71.74910640716553
375 0.0033750534057617188 0.29100799560546875 71.94000434875488
376 0.0036177635192871094 0.2919631004333496 72.13084316253662
377 0.003364086151123047 0.29280805587768555 72.32167911529541
378 0.003381967544555664 0.2933330535888672 72.51251602172852
379 0.003404855728149414 0.2938060760498047 72.70335102081299
380 0.003554821014404297 0.2971336841583252 72.88542079925537 1.006934642791748 53.807960510253906
381 0.00344085693359375 0.2967698574066162 73.07171154022217
382 0.0033719539642333984 0.29704809188842773 73.26251029968262
383 0.0034160614013671875 0.29741907119750977 73.45341205596924
384 0.0034689903259277344 0.29791688919067383 73.64424991607666
385 0.003589153289794922 0.3009989261627197 73.83508777618408
386 0.0034906864166259766 0.3029439449310303 74.02592182159424
387 0.003389120101928711 0.3018178939819336 74.21675968170166
388 0.0036211013793945312 0.3023998737335205 74.40759468078613
389 0.0035619735717773438 0.30260705947875977 74.59843254089355
390 0.0036199092864990234 0.3041718006134033 74.81653118133545 0.8990938663482666 55.26007843017578
391 0.0032958984375 0.3040299415588379 75.0028829574585
392 0.0033690929412841797 0.3047640323638916 75.19367122650146
393 0.0033447742462158203 0.30646729469299316 75.38451480865479
394 0.0035676956176757812 0.3063321113586426 75.57535362243652
395 0.06015205383300781 0.3066389560699463 75.7228775024414
396 0.0034019947052001953 0.3072209358215332 75.91416645050049
397 0.0034589767456054688 0.30784010887145996 76.10538005828857
398 0.0033500194549560547 0.30563998222351074 76.29659271240234
399 0.003596782684326172 0.30924320220947266 76.48786544799805
400 0.0034482479095458984 0.3154439926147461 76.71515464782715 1.0049428939819336 56.68437957763672
401 0.0034351348876953125 0.31490111351013184 76.90315532684326
402 0.0035228729248046875 0.3135643005371094 77.09438610076904
403 0.00345611572265625 0.3128821849822998 77.28522205352783
404 0.0033960342407226562 0.31413817405700684 77.47605514526367
405 0.0035839080810546875 0.31411004066467285 77.66689586639404
406 0.003414154052734375 0.31623172760009766 77.85773372650146
407 0.0034248828887939453 0.3147430419921875 78.04866123199463
408 0.003330230712890625 0.3184680938720703 78.23949813842773
409 0.0034890174865722656 0.31841421127319336 78.4303331375122
410 0.0034139156341552734 0.3195610046386719 78.6272439956665 1.030993938446045 58.072357177734375
411 0.003473997116088867 0.33077502250671387 78.81353378295898
412 0.0034689903259277344 0.3211488723754883 79.0043363571167
413 0.0034139156341552734 0.3206510543823242 79.19517135620117
414 0.0034508705139160156 0.3256518840789795 79.3860092163086
415 0.0035979747772216797 0.3224799633026123 79.57684421539307
416 0.0034911632537841797 0.32283687591552734 79.76768207550049
417 0.0033729076385498047 0.32381129264831543 79.95852088928223
418 0.003283977508544922 0.332211971282959 80.14935874938965
419 0.0035851001739501953 0.32694292068481445 80.34028244018555
420 0.003506898880004883 0.3282160758972168 80.5348768234253 1.0703327655792236 59.48612976074219
421 0.003496408462524414 0.3305778503417969 80.72116374969482
422 0.003416776657104492 0.33007001876831055 80.91196537017822
423 0.0034208297729492188 0.33124303817749023 81.10280323028564
424 0.0033838748931884766 0.3303840160369873 81.29364204406738
425 0.0034182071685791016 0.3311638832092285 81.48447799682617
426 0.003368854522705078 0.3306550979614258 81.67531490325928
427 0.0035750865936279297 0.33361196517944336 81.86614990234375
428 0.0033979415893554688 0.3351709842681885 82.0569896697998
429 0.003398895263671875 0.3362312316894531 82.24782371520996
430 0.003407001495361328 0.33582162857055664 82.46905517578125 1.021601915359497 60.928863525390625
431 0.0033969879150390625 0.33576512336730957 82.65543937683105
432 0.003384828567504883 0.3352470397949219 82.84624290466309
433 0.003438711166381836 0.3367791175842285 83.03707695007324
434 0.003531932830810547 0.3396422863006592 83.22791290283203
435 0.003437042236328125 0.33821606636047363 83.41874885559082
436 0.0035238265991210938 0.337172269821167 83.60958671569824
437 0.003398895263671875 0.33893609046936035 83.80042171478271
438 0.003587961196899414 0.3390030860900879 83.99125957489014
439 0.0034830570220947266 0.3407258987426758 84.18209457397461
440 0.0034809112548828125 0.34354114532470703 84.361572265625 1.1708848476409912 62.303199768066406
441 0.0034627914428710938 0.34333372116088867 84.54786396026611
442 0.0033578872680664062 0.346005916595459 84.73866748809814
443 0.0034418106079101562 0.3447411060333252 84.9296236038208
444 0.0035300254821777344 0.34644198417663574 85.12045955657959
445 0.0034689903259277344 0.346890926361084 85.31129932403564
446 0.003412008285522461 0.3508789539337158 85.5021333694458
447 0.0035698413848876953 0.34915614128112793 85.69296741485596
448 0.0033991336822509766 0.3484668731689453 85.88380813598633
449 0.0033659934997558594 0.34980297088623047 86.07464408874512
450 0.003408193588256836 0.35118794441223145 86.29622173309326 1.0492401123046875 63.761390686035156
451 0.0033538341522216797 0.3489341735839844 86.48251438140869
452 0.0034332275390625 0.34937310218811035 86.67331504821777
453 0.003345012664794922 0.3515968322753906 86.86414813995361
454 0.0034618377685546875 0.3527719974517822 87.05498504638672
455 0.0034666061401367188 0.35323333740234375 87.24582290649414
456 0.0036339759826660156 0.35491204261779785 87.43763828277588
457 0.003343820571899414 0.35664987564086914 87.6304292678833
458 0.003392934799194336 0.35767602920532227 87.82175159454346
459 0.0033919811248779297 0.35738706588745117 88.01271152496338
460 0.0035157203674316406 0.358752965927124 88.19502830505371 1.227961778640747 65.13968658447266
461 0.0034470558166503906 0.35927700996398926 88.38131523132324
462 0.003408193588256836 0.36053895950317383 88.5721206665039
463 0.0035619735717773438 0.3624899387359619 88.76295471191406
464 0.003339052200317383 0.36095404624938965 88.95379257202148
465 0.00333404541015625 0.3615899085998535 89.14462947845459
466 0.003353118896484375 0.3627612590789795 89.33546257019043
467 0.0035047531127929688 0.3622322082519531 89.52629947662354
468 0.0034558773040771484 0.36781811714172363 89.71713733673096
469 0.0035200119018554688 0.3643620014190674 89.9079761505127
470 0.0033321380615234375 0.3682591915130615 90.10409736633301 1.1959528923034668 66.56958770751953
471 0.0033621788024902344 0.3671607971191406 90.29039001464844
472 0.0033233165740966797 0.3705768585205078 90.48119163513184
473 0.0034990310668945312 0.37089014053344727 90.67202854156494
474 0.0034317970275878906 0.3742561340332031 90.86286735534668
475 0.003367900848388672 0.37005090713500977 91.0538558959961
476 0.0034058094024658203 0.3722560405731201 91.24469089508057
477 0.003548860549926758 0.3707561492919922 91.43552875518799
478 0.0033338069915771484 0.3730769157409668 91.62636375427246
479 0.0032711029052734375 0.37393689155578613 91.81720161437988
480 0.003292083740234375 0.37340688705444336 92.01187801361084 1.2187089920043945 67.9842300415039
481 0.0033402442932128906 0.37568211555480957 92.198166847229
482 0.003390073776245117 0.3764629364013672 92.38896751403809
483 0.003443002700805664 0.3777008056640625 92.57980346679688
484 0.003509998321533203 0.37806224822998047 92.77063941955566
485 0.0033588409423828125 0.37816405296325684 92.96147727966309
486 0.003422975540161133 0.38024401664733887 93.15231609344482
487 0.0033218860626220703 0.3786442279815674 93.34315204620361
488 0.0035529136657714844 0.37911510467529297 93.53398895263672
489 0.003438234329223633 0.3811829090118408 93.72482776641846
490 0.003367185592651367 0.3823070526123047 93.93485927581787 1.143449068069458 69.43019104003906
491 0.003428220748901367 0.38243985176086426 94.1211633682251
492 0.003545045852661133 0.381817102432251 94.31201076507568
493 0.0033681392669677734 0.3826789855957031 94.50284481048584
494 0.003445863723754883 0.3832409381866455 94.69368362426758
495 0.003507852554321289 0.3842289447784424 94.88451862335205
496 0.0034170150756835938 0.3835639953613281 95.07535457611084
497 0.003361225128173828 0.3825998306274414 95.26619243621826
498 0.0032808780670166016 0.3829629421234131 95.45708847045898
499 0.003523111343383789 0.3847320079803467 95.6479263305664
500 0.0032510757446289062 0.38941287994384766 95.82488918304443 1.355607032775879 70.7987060546875
501 0.0032629966735839844 0.3877522945404053 96.01118087768555
502 0.003353118896484375 0.38965606689453125 96.20198345184326
503 0.0032989978790283203 0.3898918628692627 96.39282035827637
504 0.0035409927368164062 0.3942737579345703 96.58365726470947
505 0.0034418106079101562 0.39256811141967773 96.77449417114258
506 0.0033299922943115234 0.3956418037414551 96.96539402008057
507 0.003358125686645508 0.3941037654876709 97.15622997283936
508 0.0035479068756103516 0.39458608627319336 97.34706497192383
509 0.0033202171325683594 0.3938758373260498 97.53790473937988
510 0.003312826156616211 0.39777612686157227 97.76245498657227 1.1749067306518555 72.26238250732422
511 0.003403186798095703 0.39856886863708496 97.94882583618164
512 0.003381013870239258 0.3988950252532959 98.13962745666504
513 0.0034949779510498047 0.4000129699707031 98.33046245574951
514 0.003367185592651367 0.4021906852722168 98.52136135101318
515 0.003336191177368164 0.3998899459838867 98.71219635009766
516 0.0034379959106445312 0.39992618560791016 98.90303230285645
517 0.07784819602966309 0.39798402786254883 99.0445785522461
518 0.003408193588256836 0.3975708484649658 99.23596000671387
519 0.0033371448516845703 0.3988158702850342 99.427170753479
520 0.0034542083740234375 0.39838194847106934 99.65735721588135 1.2936570644378662 73.6830062866211
521 0.0032987594604492188 0.40269017219543457 99.8458480834961
522 0.0033180713653564453 0.40272998809814453 100.03726005554199
523 0.003406047821044922 0.4033222198486328 100.22810077667236
524 0.003297090530395508 0.4039030075073242 100.41893577575684
525 0.00341796875 0.40671730041503906 100.60977268218994
526 0.0033271312713623047 0.4067666530609131 100.80059814453125
527 0.003590822219848633 0.40818309783935547 100.99144268035889
528 0.0034749507904052734 0.40978002548217773 101.18228054046631
529 0.003404855728149414 0.4099876880645752 101.37312030792236
530 0.0034139156341552734 0.4137301445007324 101.57089805603027 1.3935070037841797 75.06935119628906
531 0.0033206939697265625 0.4172999858856201 101.75719165802002
532 0.0033380985260009766 0.4128098487854004 101.94799423217773
533 0.003386974334716797 0.41217780113220215 102.13883209228516
534 0.0033478736877441406 0.41398191452026367 102.32966995239258
535 0.003274202346801758 0.41659092903137207 102.52050971984863
536 0.0033729076385498047 0.41884803771972656 102.71134662628174
537 0.003621339797973633 0.42557287216186523 102.9021863937378
538 0.0034110546112060547 0.41788721084594727 103.09302139282227
539 0.003344297409057617 0.41598081588745117 103.28386211395264
540 0.0033121109008789062 0.4210500717163086 103.48000907897949 1.3409368991851807 76.48390197753906
541 0.0033910274505615234 0.4204287528991699 103.66630172729492
542 0.003280162811279297 0.42023777961730957 103.85719585418701
543 0.003287076950073242 0.4217517375946045 104.04803371429443
544 0.003468036651611328 0.421720027923584 104.23886966705322
545 0.003329038619995117 0.42192983627319336 104.4297046661377
546 0.0033500194549560547 0.42303013801574707 104.62054252624512
547 0.003407001495361328 0.4243350028991699 104.81138324737549
548 0.0035729408264160156 0.4298880100250244 105.00221824645996
549 0.003513813018798828 0.4304499626159668 105.1930570602417
550 0.0033578872680664062 0.42811107635498047 105.38759899139404 1.3648440837860107 77.89839172363281
551 0.003362894058227539 0.43067502975463867 105.57389545440674
552 0.0033757686614990234 0.4311227798461914 105.76469707489014
553 0.0033440589904785156 0.42899608612060547 105.95553493499756
554 0.003287076950073242 0.42887091636657715 106.14646625518799
555 0.003551006317138672 0.4317820072174072 106.3373031616211
556 0.0033690929412841797 0.4350860118865967 106.52813720703125
557 0.0034558773040771484 0.43362879753112793 106.7189769744873
558 0.0033969879150390625 0.43276405334472656 106.90981483459473
559 0.003464937210083008 0.43477487564086914 107.10065460205078
560 0.0034608840942382812 0.43509793281555176 107.32847118377686 1.27848482131958 79.3477554321289
561 0.0033369064331054688 0.43627500534057617 107.51476001739502
562 0.0033140182495117188 0.4355800151824951 107.70556640625
563 0.003463268280029297 0.43732404708862305 107.8963975906372
564 0.003329753875732422 0.4384500980377197 108.08723640441895
565 0.003283977508544922 0.4380207061767578 108.27807331085205
566 0.003292083740234375 0.4369792938232422 108.46903228759766
567 0.003463268280029297 0.4383511543273926 108.65986919403076
568 0.0032548904418945312 0.43862390518188477 108.85070610046387
569 0.0033588409423828125 0.440871000289917 109.04154682159424
570 0.0033309459686279297 0.4447040557861328 109.21734428405762 1.489454746246338 80.71183013916016
571 0.003368854522705078 0.4466979503631592 109.40363597869873
572 0.0033981800079345703 0.4468569755554199 109.59443759918213
573 0.0033431053161621094 0.4454460144042969 109.78527641296387
574 0.0032958984375 0.44760704040527344 109.97611427307129
575 0.003316164016723633 0.44400787353515625 110.16694259643555
576 0.0034902095794677734 0.4452087879180908 110.35778522491455
577 0.003349781036376953 0.4507467746734619 110.54862308502197
578 0.0033190250396728516 0.450977087020874 110.73945903778076
579 0.0032758712768554688 0.4482760429382324 110.93029594421387
580 0.0035161972045898438 0.4492931365966797 111.12524700164795 1.4264318943023682 82.1470718383789
581 0.0033631324768066406 0.45265793800354004 111.31153774261475
582 0.003428220748901367 0.4550960063934326 111.50246524810791
583 0.0034880638122558594 0.4526369571685791 111.69330024719238
584 0.003439188003540039 0.45215272903442383 111.88413906097412
585 0.0035028457641601562 0.45288610458374023 112.07497692108154
586 0.0033559799194335938 0.45287609100341797 112.2658166885376
587 0.0033140182495117188 0.4544072151184082 112.4566535949707
588 0.0033409595489501953 0.45339488983154297 112.64748954772949
589 0.0034661293029785156 0.45754384994506836 112.83833026885986
590 0.0034720897674560547 0.4593930244445801 113.06736946105957 1.33833909034729 83.59725189208984
591 0.0033249855041503906 0.46135807037353516 113.25365734100342
592 0.0033130645751953125 0.4586799144744873 113.4456844329834
593 0.0033121109008789062 0.46028733253479004 113.63896083831787
594 0.003307819366455078 0.46184706687927246 113.83041191101074
595 0.0035409927368164062 0.46399784088134766 114.02124881744385
596 0.0032939910888671875 0.4615600109100342 114.2120885848999
597 0.0032918453216552734 0.46164608001708984 114.40292358398438
598 0.0032739639282226562 0.4609799385070801 114.59391689300537
599 0.0035750865936279297 0.46471071243286133 114.78475379943848
600 0.0033538341522216797 0.4676201343536377 114.96011352539062 1.5857288837432861 84.96149444580078
601 0.0033478736877441406 0.466641902923584 115.14640522003174
602 0.003358125686645508 0.4666588306427002 115.33720588684082
603 0.003337860107421875 0.47060418128967285 115.52804279327393
604 0.0033369064331054688 0.473034143447876 115.71888160705566
605 0.003316164016723633 0.46857500076293945 115.90971755981445
606 0.0035419464111328125 0.46935415267944336 116.10055637359619
607 0.0033659934997558594 0.46991682052612305 116.29139614105225
608 0.0033338069915771484 0.46965599060058594 116.48223495483398
609 0.003515958786010742 0.47211217880249023 116.67307376861572
610 0.003576993942260742 0.4735410213470459 116.86837387084961 1.5103349685668945 86.39752960205078
611 0.0034770965576171875 0.475632905960083 117.04024600982666
612 0.003367900848388672 0.47344207763671875 117.23106288909912
613 0.003570079803466797 0.473613977432251 117.42194747924805
614 0.0033342838287353516 0.4772217273712158 117.6127815246582
615 0.003434896469116211 0.4766578674316406 117.80361938476562
616 0.0033028125762939453 0.475114107131958 117.99445629119873
617 0.0034961700439453125 0.4799308776855469 118.18529319763184
618 0.0033168792724609375 0.48134493827819824 118.37613201141357
619 0.0033097267150878906 0.4803948402404785 118.56703281402588
620 0.00347900390625 0.48362088203430176 118.79719161987305 1.4116451740264893 87.84848022460938
621 0.003328084945678711 0.48559999465942383 118.98347663879395
622 0.003336191177368164 0.48709988594055176 119.17428302764893
623 0.003316164016723633 0.48304295539855957 119.36512088775635
624 0.0033109188079833984 0.48273611068725586 119.55595874786377
625 0.003511190414428711 0.48670387268066406 119.74679851531982
626 0.0033071041107177734 0.48438596725463867 119.93763542175293
627 0.003323078155517578 0.48468780517578125 120.12853622436523
628 0.0033111572265625 0.4868316650390625 120.31937313079834
629 0.0036270618438720703 0.4891362190246582 120.51020526885986
630 0.0034360885620117188 0.49030017852783203 120.68742752075195 1.6398978233337402 89.21163177490234
631 0.0034050941467285156 0.4929637908935547 120.87372207641602
632 0.0032720565795898438 0.4909238815307617 121.06452369689941
633 0.0033571720123291016 0.49395322799682617 121.25536155700684
634 0.003498077392578125 0.49637675285339355 121.44620132446289
635 0.003381967544555664 0.4958789348602295 121.63709926605225
636 0.0033910274505615234 0.49312520027160645 121.82793521881104
637 0.003353118896484375 0.4981670379638672 122.0187759399414
638 0.003676176071166992 0.49600887298583984 122.20960903167725
639 0.0034568309783935547 0.49503326416015625 122.4004487991333
640 0.0033388137817382812 0.49883174896240234 122.59858798980713 1.5853321552276611 90.6484603881836
641 0.0033559799194335938 0.49808597564697266 122.78488063812256
642 0.0033512115478515625 0.5008180141448975 122.9756851196289
643 0.0034019947052001953 0.4983649253845215 123.16658115386963
644 0.003364086151123047 0.5055391788482666 123.35741996765137
645 0.003422975540161133 0.5029458999633789 123.54825592041016
646 0.0033600330352783203 0.5035400390625 123.73909282684326
647 0.003596782684326172 0.5027282238006592 123.9299259185791
648 0.0034079551696777344 0.5010099411010742 124.1207628250122
649 0.003428936004638672 0.5038399696350098 124.31160068511963
650 0.0034008026123046875 0.5065248012542725 124.50868606567383 1.6200838088989258 92.06368255615234
651 0.003419160842895508 0.5069780349731445 124.69507122039795
652 0.0034148693084716797 0.5084400177001953 124.88587188720703
653 0.0033740997314453125 0.507404088973999 125.07671070098877
654 0.0034008026123046875 0.5073966979980469 125.26754665374756
655 0.0034050941467285156 0.5119099617004395 125.4583854675293
656 0.0035521984100341797 0.5094308853149414 125.64922142028809
657 0.003386974334716797 0.5124640464782715 125.84006023406982
658 0.003454923629760742 0.5120940208435059 126.03089618682861
659 0.0036132335662841797 0.5129909515380859 126.22173309326172
660 0.003710031509399414 0.5156779289245605 126.4171724319458 1.6394047737121582 93.4781265258789
661 0.003403186798095703 0.5164721012115479 126.60345935821533
662 0.0033721923828125 0.5146808624267578 126.79426288604736
663 0.0034971237182617188 0.5142428874969482 126.98518753051758
664 0.003374814987182617 0.5200381278991699 127.17602825164795
665 0.003471851348876953 0.5182762145996094 127.36686420440674
666 0.0034780502319335938 0.5170497894287109 127.55770111083984
667 0.0035059452056884766 0.519524097442627 127.74853992462158
668 0.0032901763916015625 0.5185589790344238 127.93937587738037
669 0.003324747085571289 0.5239901542663574 128.1302146911621
670 0.003316164016723633 0.5234429836273193 128.32331466674805 1.6962671279907227 94.89188385009766
671 0.003408193588256836 0.5221099853515625 128.50960731506348
672 0.003354787826538086 0.5262048244476318 128.70175170898438
673 0.0033540725708007812 0.5243110656738281 128.89527416229248
674 0.0034699440002441406 0.5249481201171875 129.08678436279297
675 0.003415822982788086 0.5289170742034912 129.27771377563477
676 0.0033478736877441406 0.5269372463226318 129.46854972839355
677 0.003396749496459961 0.5274910926818848 129.6593885421753
678 0.003513813018798828 0.5288550853729248 129.85022258758545
679 0.0033140182495117188 0.5262699127197266 130.04106044769287
680 0.0033140182495117188 0.5319230556488037 130.2759132385254 1.576282024383545 96.35173797607422
681 0.0033431053161621094 0.5297989845275879 130.46220207214355
682 0.003345966339111328 0.5330500602722168 130.6530065536499
683 0.003384828567504883 0.530750036239624 130.84384059906006
684 0.0034050941467285156 0.5313472747802734 131.03467655181885
685 0.003591775894165039 0.5328898429870605 131.2255163192749
686 0.0033769607543945312 0.534031867980957 131.41635036468506
687 0.003289937973022461 0.532750129699707 131.60731029510498
688 0.003371000289916992 0.5339229106903076 131.79814529418945
689 0.0035359859466552734 0.5340099334716797 131.98898315429688
690 0.0034351348876953125 0.5337371826171875 132.15709400177002 1.8790581226348877 97.70108795166016
691 0.0034050941467285156 0.5404238700866699 132.34338665008545
692 0.003390073776245117 0.5362439155578613 132.53418922424316
693 0.0033419132232666016 0.537459135055542 132.72502517700195
694 0.0035300254821777344 0.5350091457366943 132.91586208343506
695 0.0034279823303222656 0.5406398773193359 133.1067008972168
696 0.0033528804779052734 0.5383429527282715 133.2975368499756
697 0.003303050994873047 0.5384180545806885 133.4883737564087
698 0.0034580230712890625 0.5384688377380371 133.67920875549316
699 0.0032930374145507812 0.5393879413604736 133.87004852294922
700 0.0033059120178222656 0.5410969257354736 134.10412216186523 1.6082417964935303 99.18314361572266
701 0.003325223922729492 0.5427799224853516 134.29041481018066
702 0.003434896469116211 0.5451400279998779 134.48121547698975
703 0.0033931732177734375 0.5459690093994141 134.67217445373535
704 0.0033702850341796875 0.5434470176696777 134.8630132675171
705 0.00333404541015625 0.5429141521453857 135.05384922027588
706 0.0035309791564941406 0.5453031063079834 135.24468421936035
707 0.0033321380615234375 0.5469958782196045 135.4355239868164
708 0.003331899642944336 0.5491869449615479 135.6263599395752
709 0.003342151641845703 0.5487880706787109 135.81719493865967
710 0.003506898880004883 0.5497908592224121 135.99230861663818 1.901637077331543 100.54027557373047
711 0.0033578872680664062 0.5517408847808838 136.1786003112793
712 0.003482818603515625 0.5493111610412598 136.3694019317627
713 0.0033750534057617188 0.550105094909668 136.56023693084717
714 0.003512144088745117 0.5556550025939941 136.7510747909546
715 0.003355741500854492 0.5543622970581055 136.94190979003906
716 0.003919124603271484 0.5543711185455322 137.13274765014648
717 0.0034837722778320312 0.5518457889556885 137.3235845565796
718 0.0033931732177734375 0.5543358325958252 137.5144214630127
719 0.0034198760986328125 0.555793046951294 137.70541095733643
720 0.003537893295288086 0.5582609176635742 137.90313720703125 1.846789836883545 101.9789810180664
721 0.0033736228942871094 0.5565850734710693 138.08942699432373
722 0.003512144088745117 0.5596568584442139 138.28023147583008
723 0.003400087356567383 0.560683012008667 138.47106742858887
724 0.0034148693084716797 0.5613257884979248 138.66190242767334
725 0.003342151641845703 0.5593180656433105 138.8527421951294
726 0.003549814224243164 0.5617430210113525 139.04357624053955
727 0.0034859180450439453 0.56414794921875 139.23441410064697
728 0.0034286975860595703 0.5645291805267334 139.42524909973145
729 0.003443002700805664 0.5661261081695557 139.6160888671875
730 0.003599882125854492 0.5692980289459229 139.81298828125 1.8896877765655518 103.39424896240234
731 0.0035130977630615234 0.5723721981048584 139.99927711486816
732 0.003451108932495117 0.5741720199584961 140.19008255004883
733 0.0035729408264160156 0.5710761547088623 140.36642932891846
734 0.003373861312866211 0.5730941295623779 140.55728340148926
735 0.0034780502319335938 0.570422887802124 140.74816513061523
736 0.0033998489379882812 0.5745429992675781 140.93900203704834
737 0.0035657882690429688 0.5698630809783936 141.12984085083008
738 0.0033860206604003906 0.5713789463043213 141.3206787109375
739 0.003340005874633789 0.5702064037322998 141.5115146636963
740 0.0033609867095947266 0.5758552551269531 141.70676708221436 1.8766310214996338 104.8086929321289
741 0.0033342838287353516 0.5752048492431641 141.89312267303467
742 0.0033740997314453125 0.5772929191589355 142.08392524719238
743 0.0034189224243164062 0.578178882598877 142.2747631072998
744 0.0035767555236816406 0.5822961330413818 142.46559715270996
745 0.0034151077270507812 0.5789580345153809 142.65643692016602
746 0.0034089088439941406 0.5778429508209229 142.84727478027344
747 0.0035347938537597656 0.5816190242767334 143.03811264038086
748 0.0037240982055664062 0.581190824508667 143.22895050048828
749 0.0034019947052001953 0.5816452503204346 143.41984748840332
750 0.003384828567504883 0.5873410701751709 143.61354732513428 1.8967158794403076 106.22322845458984
751 0.003439188003540039 0.5870249271392822 143.7998399734497
752 0.0035300254821777344 0.5868709087371826 143.99063873291016
753 0.0034570693969726562 0.5887298583984375 144.1814785003662
754 0.003393888473510742 0.5839760303497314 144.372314453125
755 0.0033669471740722656 0.5893597602844238 144.56314754486084
756 0.003506183624267578 0.5868990421295166 144.7539882659912
757 0.0033822059631347656 0.5869309902191162 144.94488334655762
758 0.003278017044067383 0.5886020660400391 145.13572311401367
759 0.0035011768341064453 0.6148600578308105 145.32655906677246
760 0.003782033920288086 0.6320760250091553 145.5666151046753 1.925022840499878 107.6846694946289
761 0.0035758018493652344 0.628176212310791 145.75595378875732
762 0.003607034683227539 0.6255378723144531 145.94752025604248
763 0.003596067428588867 0.6255440711975098 146.1383571624756
764 0.003535032272338867 0.6254260540008545 146.32919216156006
765 0.003731966018676758 0.6235108375549316 146.52009105682373
766 0.0037250518798828125 0.6213831901550293 146.71092796325684
767 0.0036110877990722656 0.6085338592529297 146.90176677703857
768 0.0037078857421875 0.6113719940185547 147.092604637146
769 0.003383159637451172 0.6005830764770508 147.28343296051025
770 0.003306150436401367 0.5952968597412109 147.45365142822266 2.05766224861145 109.03421783447266
771 0.003492116928100586 0.6008470058441162 147.63994121551514
772 0.0033588409423828125 0.6007938385009766 147.83074378967285
773 0.003371000289916992 0.6086461544036865 148.02167415618896
774 0.0037298202514648438 0.624434232711792 148.21251010894775
775 0.003535747528076172 0.6125979423522949 148.40334701538086
776 0.003476858139038086 0.6006708145141602 148.59418392181396
777 0.0034911632537841797 0.6067068576812744 148.78502082824707
778 0.003631114959716797 0.6036648750305176 148.9758596420288
779 0.0033800601959228516 0.6084051132202148 149.16669368743896
780 0.0034780502319335938 0.6011247634887695 149.36222553253174 1.9676740169525146 110.47562408447266
781 0.003343820571899414 0.6187300682067871 149.5485200881958
782 0.0033180713653564453 0.6075279712677002 149.73931789398193
783 0.003313779830932617 0.6040031909942627 149.930157661438
784 0.003473043441772461 0.6042258739471436 150.1209897994995
785 0.003332853317260742 0.6091499328613281 150.311918258667
786 0.003461122512817383 0.6164228916168213 150.50275230407715
787 0.0033049583435058594 0.6053609848022461 150.6935911178589
788 0.0036468505859375 0.619368314743042 150.884428024292
789 0.0033948421478271484 0.6123330593109131 151.07525539398193
790 0.0034999847412109375 0.6120691299438477 151.2691888809204 2.004937171936035 111.8901138305664
791 0.003371000289916992 0.616520881652832 151.45547771453857
792 0.00341796875 0.6133749485015869 151.64627838134766
793 0.003358125686645508 0.6254978179931641 151.83710289001465
794 0.003704071044921875 0.6211400032043457 152.02794647216797
795 0.0033867359161376953 0.6194021701812744 152.21878337860107
796 0.0033469200134277344 0.6151492595672607 152.4096221923828
797 0.003359079360961914 0.6157078742980957 152.60054969787598
798 0.0036208629608154297 0.6242649555206299 152.79138660430908
799 0.0033211708068847656 0.6191320419311523 152.98222541809082
800 0.003328084945678711 0.6205687522888184 153.22220420837402 1.867793321609497 113.35225677490234
801 0.0033919811248779297 0.6198489665985107 153.40849494934082
802 0.00339508056640625 0.6228649616241455 153.59929847717285
803 0.0034770965576171875 0.6347157955169678 153.790132522583
804 0.003484964370727539 0.6246030330657959 153.9809684753418
805 0.0036051273345947266 0.6231470108032227 154.1718044281006
806 0.0034520626068115234 0.6287651062011719 154.362642288208
807 0.003355264663696289 0.6310451030731201 154.55347728729248
808 0.0034089088439941406 0.6335611343383789 154.7443151473999
809 0.003757953643798828 0.6342277526855469 154.9352741241455
810 0.0036079883575439453 0.6336100101470947 155.1052122116089 2.1523797512054443 114.69831085205078
811 0.0034339427947998047 0.629713773727417 155.29150676727295
812 0.0033721923828125 0.6321561336517334 155.48230743408203
813 0.003480672836303711 0.6346750259399414 155.67314052581787
814 0.0033462047576904297 0.6335208415985107 155.8639793395996
815 0.0033960342407226562 0.6330139636993408 156.05481624603271
816 0.003464221954345703 0.6361579895019531 156.24565505981445
817 0.0036258697509765625 0.6382260322570801 156.43649101257324
818 0.0034978389739990234 0.6385171413421631 156.62732982635498
819 0.0034170150756835938 0.6373121738433838 156.8181676864624
820 0.003422975540161133 0.6372940540313721 157.01548099517822 2.0635173320770264 116.14177703857422
821 0.0033931732177734375 0.6407990455627441 157.20177459716797
822 0.0033750534057617188 0.6437749862670898 157.39257717132568
823 0.0034399032592773438 0.6409687995910645 157.5834150314331
824 0.003381967544555664 0.6402828693389893 157.7742509841919
825 0.0036220550537109375 0.6432991027832031 157.96520805358887
826 0.003448963165283203 0.6436340808868408 158.15604782104492
827 0.003453969955444336 0.6505928039550781 158.3468837738037
828 0.0035369396209716797 0.6436121463775635 158.53771877288818
829 0.003633260726928711 0.6434807777404785 158.72855854034424
830 0.0033719539642333984 0.6429572105407715 158.9234914779663 2.0886290073394775 117.55548858642578
831 0.003371000289916992 0.6479277610778809 159.10978507995605
832 0.003429889678955078 0.648719310760498 159.30058574676514
833 0.0035212039947509766 0.6472036838531494 159.4914207458496
834 0.003529071807861328 0.6478707790374756 159.68225860595703
835 0.0034749507904052734 0.6520850658416748 159.87309551239014
836 0.003412961959838867 0.6474149227142334 160.06393432617188
837 0.0033588409423828125 0.6508669853210449 160.25477027893066
838 0.0037927627563476562 0.6541249752044678 160.4456090927124
839 0.003342866897583008 0.653843879699707 160.6364450454712
840 0.0034329891204833984 0.6554932594299316 160.82981872558594 2.1449790000915527 118.97002410888672
841 0.003397226333618164 0.65618896484375 161.01626873016357
842 0.003351926803588867 0.6522598266601562 161.20706462860107
843 0.003512144088745117 0.6551229953765869 161.3979034423828
844 0.0036530494689941406 0.6566863059997559 161.58873844146729
845 0.0034689903259277344 0.6589999198913574 161.77957820892334
846 0.0033731460571289062 0.6564810276031494 161.97041606903076
847 0.0034170150756835938 0.6572120189666748 162.16125392913818
848 0.003659963607788086 0.6595749855041504 162.3520917892456
849 0.0033330917358398438 0.6666028499603271 162.54292583465576
850 0.0034339427947998047 0.6667859554290771 162.78588199615479 1.99037504196167 120.4356918334961
851 0.003592967987060547 0.6758780479431152 162.97217082977295
852 0.003448963165283203 0.6770038604736328 163.16297340393066
853 0.0033931732177734375 0.6731669902801514 163.35381031036377
854 0.003693103790283203 0.6708569526672363 163.5446491241455
855 0.0034029483795166016 0.665816068649292 163.73548316955566
856 0.003379344940185547 0.6680927276611328 163.91178703308105
857 0.0034608840942382812 0.6723291873931885 164.10263919830322
858 0.0036618709564208984 0.6702818870544434 164.29352378845215
859 0.003509044647216797 0.6741478443145752 164.48436164855957
860 0.0034508705139160156 0.6978387832641602 164.6547737121582 2.2893729209899902 121.77838897705078
861 0.0034699440002441406 0.6829667091369629 164.84448528289795
862 0.003459930419921875 0.6816740036010742 165.03614234924316
863 0.0035240650177001953 0.6768820285797119 165.22697830200195
864 0.003420114517211914 0.6787819862365723 165.41787815093994
865 0.003596067428588867 0.6774477958679199 165.60871410369873
866 0.0034089088439941406 0.6932992935180664 165.79955101013184
867 0.003393888473510742 0.6987829208374023 165.99038982391357
868 0.003570079803466797 0.6993370056152344 166.18122577667236
869 0.0036029815673828125 0.6819510459899902 166.37206268310547
870 0.003469228744506836 0.6922938823699951 166.5687379837036 2.18493914604187 123.22415924072266
871 0.0033652782440185547 0.6866559982299805 166.75502490997314
872 0.0033600330352783203 0.6829020977020264 166.94589138031006
873 0.0035181045532226562 0.6854190826416016 167.13672924041748
874 0.0033659934997558594 0.6813950538635254 167.3275671005249
875 0.0033910274505615234 0.7026607990264893 167.5184030532837
876 0.0033957958221435547 0.6954300403594971 167.7092399597168
877 0.003625154495239258 0.6957478523254395 167.9000768661499
878 0.0033559799194335938 0.6819450855255127 168.09091186523438
879 0.003381967544555664 0.7060821056365967 168.28175163269043
880 0.003423929214477539 0.6839749813079834 168.4777069091797 2.237957715988159 124.63947296142578
881 0.003461122512817383 0.6886410713195801 168.66399669647217
882 0.0034627914428710938 0.6920750141143799 168.85479927062988
883 0.0034401416778564453 0.7029030323028564 169.04563808441162
884 0.003590822219848633 0.717087984085083 169.23647594451904
885 0.003880023956298828 0.7193191051483154 169.4273099899292
886 0.003639698028564453 0.6976702213287354 169.618145942688
887 0.0034341812133789062 0.6870567798614502 169.80897998809814
888 0.0033719539642333984 0.6881957054138184 169.99988174438477
889 0.0039861202239990234 0.7046899795532227 170.1907196044922
890 0.003512144088745117 0.6972649097442627 170.38501167297363 2.3007442951202393 126.05396270751953
891 0.0034110546112060547 0.704791784286499 170.57130527496338
892 0.003392934799194336 0.6958789825439453 170.76210594177246
893 0.0035638809204101562 0.6951861381530762 170.95294284820557
894 0.0033102035522460938 0.696051836013794 171.1437816619873
895 0.003489971160888672 0.7022781372070312 171.33461570739746
896 0.003464221954345703 0.6996018886566162 171.52554512023926
897 0.003615140914916992 0.697127103805542 171.71638202667236
898 0.003373861312866211 0.697613000869751 171.90721702575684
899 0.003509998321533203 0.7002103328704834 172.09805297851562
900 0.003342151641845703 0.7074680328369141 172.34260940551758 2.1021177768707275 127.52031707763672
901 0.0033719539642333984 0.6988539695739746 172.52890300750732
902 0.003462076187133789 0.7022700309753418 172.71970558166504
903 0.003339052200317383 0.6977119445800781 172.91054153442383
904 0.0033769607543945312 0.6962890625 173.10137844085693
905 0.003371000289916992 0.7004668712615967 173.29220581054688
906 0.0035479068756103516 0.7002568244934082 173.48304748535156
907 0.0033719539642333984 0.7041947841644287 173.6738862991333
908 0.0033538341522216797 0.7009351253509521 173.86481380462646
909 0.0033807754516601562 0.7015669345855713 174.0556526184082
910 0.003550291061401367 0.7065911293029785 174.22531700134277 2.4370570182800293 128.86151885986328
911 0.0033440589904785156 0.7092480659484863 174.41161060333252
912 0.0033769607543945312 0.7090170383453369 174.60241317749023
913 0.0034410953521728516 0.7169229984283447 174.79325103759766
914 0.003439188003540039 0.7145118713378906 174.98408889770508
915 0.0034449100494384766 0.7141666412353516 175.17492485046387
916 0.003470182418823242 0.7113089561462402 175.3657636642456
917 0.0036389827728271484 0.715764045715332 175.55659770965576
918 0.003431081771850586 0.7150321006774902 175.74743556976318
919 0.0034890174865722656 0.7130787372589111 175.9382724761963
920 0.0035207271575927734 0.7159156799316406 176.1377534866333 2.3294270038604736 130.30709075927734
921 0.003384113311767578 0.7164087295532227 176.32404708862305
922 0.003386974334716797 0.716886043548584 176.51484775543213
923 0.003582000732421875 0.72210693359375 176.7056827545166
924 0.0034902095794677734 0.7183527946472168 176.89651489257812
925 0.0035619735717773438 0.7263822555541992 177.0873565673828
926 0.003495931625366211 0.720221996307373 177.2781925201416
927 0.0037178993225097656 0.7202451229095459 177.46902561187744
928 0.0033588409423828125 0.7169167995452881 177.6598663330078
929 0.003564119338989258 0.7253429889678955 177.8507022857666
930 0.003437042236328125 0.7213866710662842 178.04970836639404 2.344974994659424 131.7230453491211
931 0.0034008026123046875 0.7245073318481445 178.23599910736084
932 0.003383159637451172 0.726963996887207 178.4269256591797
933 0.0034477710723876953 0.7358119487762451 178.6177577972412
934 0.003547191619873047 0.7282350063323975 178.80859661102295
935 0.0036628246307373047 0.7261090278625488 178.99943351745605
936 0.003648996353149414 0.7356150150299072 179.1902723312378
937 0.0033957958221435547 0.7283902168273926 179.38110637664795
938 0.0033698081970214844 0.7283670902252197 179.571946144104
939 0.0036728382110595703 0.7302310466766357 179.76278018951416
940 0.0034780502319335938 0.7320261001586914 179.96238613128662 2.380821943283081 133.13973236083984
941 0.0034270286560058594 0.7306790351867676 180.14867877960205
942 0.003373861312866211 0.7300941944122314 180.33948135375977
943 0.0036339759826660156 0.7364120483398438 180.53031730651855
944 0.003442049026489258 0.7352609634399414 180.7211561203003
945 0.0035550594329833984 0.7342798709869385 180.91199016571045
946 0.0034761428833007812 0.7331712245941162 181.1028299331665
947 0.003596067428588867 0.7333157062530518 181.2936658859253
948 0.0033309459686279297 0.7296829223632812 181.48462295532227
949 0.0033347606658935547 0.734076738357544 181.67546272277832
950 0.003325939178466797 0.7370290756225586 181.87492752075195 2.374691963195801 134.5556869506836
951 0.0034379959106445312 0.7421398162841797 182.06121730804443
952 0.003398895263671875 0.7384829521179199 182.25202178955078
953 0.003387928009033203 0.739534854888916 182.44285774230957
954 0.0033740997314453125 0.7390601634979248 182.63369274139404
955 0.003512859344482422 0.7390060424804688 182.8245325088501
956 0.0033111572265625 0.738149881362915 183.01536655426025
957 0.003313779830932617 0.7403850555419922 183.20619869232178
958 0.003301858901977539 0.7397177219390869 183.39703845977783
959 0.0035219192504882812 0.7408442497253418 183.58787536621094
960 0.003406047821044922 0.7442948818206787 183.78656482696533 2.433109998703003 135.97100067138672
961 0.003368854522705078 0.7458124160766602 183.97285556793213
962 0.0034058094024658203 0.7534759044647217 184.16365718841553
963 0.003445148468017578 0.7478821277618408 184.35449600219727
964 0.003570079803466797 0.7472739219665527 184.54548454284668
965 0.0034050941467285156 0.7463319301605225 184.73632144927979
966 0.0033979415893554688 0.7493398189544678 184.92716026306152
967 0.0032999515533447266 0.7462689876556396 185.11799812316895
968 0.003532886505126953 0.7519948482513428 185.30883598327637
969 0.0033102035522460938 0.747687816619873 185.49967193603516
970 0.003404855728149414 0.7504560947418213 185.69900035858154 2.4784090518951416 137.38773345947266
971 0.00335693359375 0.7524111270904541 185.8852939605713
972 0.0033957958221435547 0.7537322044372559 186.0780382156372
973 0.0034029483795166016 0.7546210289001465 186.2727861404419
974 0.003609895706176758 0.7503821849822998 186.464599609375
975 0.0033721923828125 0.7524919509887695 186.65543270111084
976 0.003365039825439453 0.7539238929748535 186.8462677001953
977 0.003392934799194336 0.7571899890899658 187.03710460662842
978 0.0038721561431884766 0.7551710605621338 187.21340560913086
979 0.0033788681030273438 0.7535161972045898 187.4042444229126
980 0.003339052200317383 0.7573018074035645 187.60344982147217 2.4684219360351562 138.8066177368164
981 0.0033469200134277344 0.7584629058837891 187.78978729248047
982 0.0033779144287109375 0.7571430206298828 187.9805908203125
983 0.0033750534057617188 0.7635409832000732 188.1714267730713
984 0.0035681724548339844 0.7633137702941895 188.3622636795044
985 0.0033736228942871094 0.7693519592285156 188.5531005859375
986 0.0034842491149902344 0.763171911239624 188.7439374923706
987 0.003376007080078125 0.7650201320648193 188.93483352661133
988 0.0035550594329833984 0.7656681537628174 189.12567138671875
989 0.003309011459350586 0.7645578384399414 189.3165102005005
990 0.003328084945678711 0.7666029930114746 189.5155611038208 2.503246784210205 140.22257232666016
991 0.0033621788024902344 0.7706999778747559 189.7018518447876
992 0.0036818981170654297 0.7697939872741699 189.8926544189453
993 0.003406047821044922 0.7677249908447266 190.08349132537842
994 0.0033440589904785156 0.768176794052124 190.27432823181152
995 0.0035920143127441406 0.7721068859100342 190.46522617340088
996 0.003549814224243164 0.7759530544281006 190.65606498718262
997 0.003414154052734375 0.7707650661468506 190.8469009399414
998 0.0033240318298339844 0.7695739269256592 191.03773593902588
999 0.003512859344482422 0.7796690464019775 191.22857570648193
1000 0.0032949447631835938 0.7949104309082031 191.42675876617432 2.5564000606536865 141.6377944946289
